1.42166e+01
9.59616e+00
9.42882e+00
1.45377e+01
1.39655e+01
9.44721e+00
8.58790e+00
1.04621e+01
9.20789e+00
1.39098e+01
1.20501e+01
9.91379e+00
6.64066e+00
1.00050e+01
1.19188e+01
1.29367e+01
1.87266e+01
1.26376e+01
8.54254e+00
1.60067e+01
1.55911e+01
1.14792e+01
6.30893e+00
4.57596e+00
8.79093e+00
1.18168e+01
1.27511e+01
1.68958e+01
1.01780e+01
8.41810e+00
1.05232e+01
1.62685e+01
1.30033e+01
1.29295e+01
1.08456e+01
6.73307e+00
1.07349e+01
6.48442e+00
9.24463e+00
1.35226e+01
8.78919e+00
1.07983e+01
8.03122e+00
1.88848e+01
1.06281e+01
1.59447e+01
1.60590e+01
9.94799e+00
1.24835e+01
1.60914e+01
9.95730e+00
1.05020e+01
1.30076e+01
9.00769e+00
1.48556e+01
1.92219e+01
6.57936e+00
1.06958e+01
8.85365e+00
1.14286e+01
1.23158e+03
1.23125e+03
1.23356e+03
1.23477e+03
1.22868e+03
1.22902e+03
1.23003e+03
1.23103e+03
1.23544e+03
1.22941e+03
1.23287e+03
1.22998e+03
1.23689e+03
1.22932e+03
1.23799e+03
1.23044e+03
1.24150e+03
1.23314e+03
1.23891e+03
1.22964e+03
1.23385e+03
1.23570e+03
1.23820e+03
1.23252e+03
1.23065e+03
1.22944e+03
1.24085e+03
1.23820e+03
1.23122e+03
1.23317e+03
1.23146e+03
1.23636e+03
1.23925e+03
1.23727e+03
1.23631e+03
1.23249e+03
1.22688e+03
1.23852e+03
1.23927e+03
1.23697e+03
1.23442e+03
1.23789e+03
1.24238e+03
1.24163e+03
1.23992e+03
1.23062e+03
1.23277e+03
1.24158e+03
1.23055e+03
1.24041e+03
1.24289e+03
1.23963e+03
1.24249e+03
1.23449e+03
1.22811e+03
1.23393e+03
1.23595e+03
1.23169e+03
1.23311e+03
1.23266e+03
8.74042e+03
8.72311e+03
8.68959e+03
8.80226e+03
8.76740e+03
8.71778e+03
8.78082e+03
8.77977e+03
8.74499e+03
8.69381e+03
8.77781e+03
8.73255e+03
8.73673e+03
8.66323e+03
8.76520e+03
8.74744e+03
8.74499e+03
8.76462e+03
8.74384e+03
8.77736e+03
8.79261e+03
8.75105e+03
8.78374e+03
8.71728e+03
8.76770e+03
8.77364e+03
8.80402e+03
8.78920e+03
8.78140e+03
8.78490e+03
8.77481e+03
8.78411e+03
8.79571e+03
8.75393e+03
8.74797e+03
8.77849e+03
8.80242e+03
8.72387e+03
8.73540e+03
8.75069e+03
8.81971e+03
8.76155e+03
8.77542e+03
8.76409e+03
8.82066e+03
8.71637e+03
8.74407e+03
8.73356e+03
8.77670e+03
8.76674e+03
8.75449e+03
8.73646e+03
8.74231e+03
8.73546e+03
8.75273e+03
8.76717e+03
8.77712e+03
8.76122e+03
8.76202e+03
8.69897e+03
4.04115e+03
4.05933e+03
4.06755e+03
4.04193e+03
4.06149e+03
4.05857e+03
4.03364e+03
4.05016e+03
4.05498e+03
4.05768e+03
4.05049e+03
4.06024e+03
4.03608e+03
4.00939e+03
4.06481e+03
4.04549e+03
4.05200e+03
4.06041e+03
4.05305e+03
4.04778e+03
4.04161e+03
4.05300e+03
4.03698e+03
4.02448e+03
4.05079e+03
4.03837e+03
4.04632e+03
4.04063e+03
4.04413e+03
4.05230e+03
4.05725e+03
4.07043e+03
4.06160e+03
4.05561e+03
4.07854e+03
4.05813e+03
4.05053e+03
4.03904e+03
4.06027e+03
4.04288e+03
4.04400e+03
4.06571e+03
4.06336e+03
4.05130e+03
4.06358e+03
4.05775e+03
4.04509e+03
4.04329e+03
4.05187e+03
4.05059e+03
4.06515e+03
4.03593e+03
4.03879e+03
4.03097e+03
4.05212e+03
4.04533e+03
4.04533e+03
4.04258e+03
4.04602e+03
4.05828e+03
1.18294e+04
1.17327e+04
1.17662e+04
1.17413e+04
1.18002e+04
1.16725e+04
1.17677e+04
1.17036e+04
1.17938e+04
1.18330e+04
1.17177e+04
1.17430e+04
1.17394e+04
1.17720e+04
1.17087e+04
1.17891e+04
1.17608e+04
1.18178e+04
1.17516e+04
1.17240e+04
1.17524e+04
1.17954e+04
1.17516e+04
1.16875e+04
1.18007e+04
1.18411e+04
1.17867e+04
1.17467e+04
1.17536e+04
1.17955e+04
1.17871e+04
1.17881e+04
1.17727e+04
1.17798e+04
1.17452e+04
1.17408e+04
1.17650e+04
1.18017e+04
1.17480e+04
1.18218e+04
1.17247e+04
1.17336e+04
1.18031e+04
1.18604e+04
1.17318e+04
1.17833e+04
1.17276e+04
1.17737e+04
1.18164e+04
1.17568e+04
1.17055e+04
1.17404e+04
1.17610e+04
1.17334e+04
1.17472e+04
1.17722e+04
1.17251e+04
1.16725e+04
1.17283e+04
1.18174e+04
