T (K) P (kPa) Viscosity (Pa*s) Uncertainty (Pa*s)
310.881 1378.95 8.72E-05 8.00E-07
310.881 2068.43 8.85E-05 8.00E-07
310.881 2757.9 8.97E-05 8.00E-07
310.881 4136.85 9.22E-05 8.00E-07
310.881 5515.81 9.47E-05 8.00E-07
310.881 6894.76 9.69E-05 8.00E-07
310.881 8618.45 9.95E-05 9.00E-07
310.881 10342.1 0.0001018 9.00E-07
310.881 12065.8 0.000104 9.00E-07
310.881 13789.5 0.0001063 9.00E-07
327.57 2757.9 7.32E-05 6.00E-07
327.57 4136.85 7.62E-05 7.00E-07
327.57 5515.81 7.85E-05 7.00E-07
327.57 6894.76 8.08E-05 7.00E-07
327.57 8618.45 8.37E-05 7.00E-07
327.57 10342.1 8.63E-05 7.00E-07
327.57 12065.8 8.88E-05 8.00E-07
327.57 13789.5 9.12E-05 8.00E-07
344.235 2757.9 5.76E-05 5.00E-07
344.235 3792.12 5.99E-05 5.00E-07
344.235 4136.85 6.19E-05 6.00E-07
344.235 5515.81 6.49E-05 6.00E-07
344.235 6894.76 6.74E-05 6.00E-07
344.235 8618.45 7.04E-05 6.00E-07
344.235 10342.1 7.32E-05 6.00E-07
344.235 12065.8 7.60E-05 7.00E-07
344.235 13789.5 7.85E-05 7.00E-07
360.901 4136.85 4.68E-05 4.00E-07
360.901 4826.33 5.01E-05 5.00E-07
360.901 5515.81 5.25E-05 5.00E-07
360.901 6894.76 5.66E-05 5.00E-07
360.901 8618.45 6.04E-05 5.00E-07
360.901 10342.1 6.37E-05 6.00E-07
360.901 12065.8 6.68E-05 6.00E-07
360.901 13789.5 6.96E-05 6.00E-07
294.987 1378.95 8.32E-05 8.47E-06
294.987 2068.43 9.93E-05 1.01E-05
294.987 2757.9 0.0001002 1.02E-05
294.987 3447.38 0.0001009 1.02E-05
294.987 4136.85 0.0001022 1.04E-05
294.987 5171.07 0.0001038 1.05E-05
294.987 6894.76 0.0001067 1.08E-05
294.987 10342.1 0.0001135 1.15E-05
294.987 13789.5 0.0001202 1.22E-05
294.987 17236.9 0.0001265 1.28E-05
294.987 20684.3 0.0001318 1.34E-05
294.987 27579 0.0001419 1.44E-05
294.987 34473.8 0.0001493 1.51E-05
294.987 34473.8 0.0001493 1.51E-05
313.43 2068.43 8.59E-05 8.71E-06
313.43 2757.9 8.76E-05 8.89E-06
313.43 3447.38 8.91E-05 9.04E-06
313.43 4136.85 9.04E-05 9.17E-06
313.43 5171.07 9.23E-05 9.36E-06
313.43 6894.76 9.53E-05 9.66E-06
313.43 10342.1 0.0001014 1.03E-05
313.43 13789.5 0.0001069 1.08E-05
313.43 17236.9 0.0001119 1.13E-05
313.43 20684.3 0.0001162 1.18E-05
313.43 27579 0.0001236 1.25E-05
313.43 34473.8 0.0001291 1.31E-05
313.43 34473.8 0.0001291 1.31E-05
331.824 2757.9 7.52E-05 7.63E-06
331.824 3447.38 7.71E-05 7.82E-06
331.824 4136.85 7.87E-05 7.99E-06
331.824 5171.07 8.07E-05 8.19E-06
331.824 6894.76 8.40E-05 8.52E-06
331.824 10342.1 8.95E-05 9.08E-06
331.824 13789.5 9.48E-05 9.62E-06
331.824 17236.9 9.89E-05 1.00E-05
331.824 20684.3 0.0001026 1.04E-05
331.824 27579 0.0001092 1.11E-05
331.824 34473.8 0.000114 1.16E-05
331.824 34473.8 0.000114 1.16E-05
350.323 3447.38 5.36E-05 5.45E-06
350.323 4136.85 5.69E-05 5.78E-06
350.323 5171.07 6.10E-05 6.19E-06
350.323 6894.76 6.67E-05 6.77E-06
350.323 10342.1 7.53E-05 7.64E-06
350.323 13789.5 8.19E-05 8.30E-06
350.323 17236.9 8.69E-05 8.82E-06
350.323 20684.3 9.12E-05 9.25E-06
350.323 27579 9.86E-05 1.00E-05
350.323 34473.8 0.000104 1.05E-05
350.323 34473.8 0.000104 1.05E-05
368.123 4136.85 3.28E-05 3.34E-06
368.123 5171.07 4.14E-05 4.21E-06
368.123 6894.76 5.05E-05 5.13E-06
368.123 10342.1 6.08E-05 6.17E-06
368.123 13789.5 6.79E-05 6.89E-06
368.123 17236.9 7.36E-05 7.47E-06
368.123 20684.3 7.80E-05 7.91E-06
368.123 27579 8.58E-05 8.70E-06
368.123 34473.8 9.18E-05 9.31E-06
368.123 34473.8 9.18E-05 9.31E-06
277.592 7675.93 0.000133745 4.29E-06
277.592 7705.58 0.000133572 4.29E-06
277.592 21053.8 0.000154778 4.36E-06
277.592 21136.6 0.000154696 4.36E-06
277.592 31114.7 0.000169707 4.41E-06
277.592 31209.8 0.000169606 4.41E-06
344.235 2771.69 5.70E-05 1.51E-06
344.235 3461.17 5.99E-05 1.54E-06
344.235 3557.69 6.03E-05 1.55E-06
344.235 4164.43 6.23E-05 1.57E-06
344.235 4378.17 6.28E-05 1.57E-06
344.235 6901.65 6.92E-05 1.64E-06
344.235 7136.07 6.96E-05 1.64E-06
344.235 10349 7.64E-05 1.72E-06
344.235 10700.7 7.67E-05 1.72E-06
344.235 13589.6 8.15E-05 1.77E-06
344.235 13782.6 8.24E-05 1.78E-06
344.235 20477.4 9.20E-05 1.89E-06
344.235 20546.4 9.22E-05 1.89E-06
344.235 27579 0.00010187 2.00E-06
344.235 27716.9 0.00010179 1.99E-06
344.235 34473.8 0.00010996 2.09E-06
344.235 34680.6 0.00011011 2.09E-06
344.235 41368.5 0.00011802 2.18E-06
344.235 54951.2 0.00013299 2.35E-06
277.587 689.01 0.0001208 2.20E-06
277.587 1379.03 0.0001224 2.20E-06
277.587 2068.04 0.0001238 2.30E-06
277.587 2758.07 0.0001252 2.30E-06
277.587 3447.08 0.0001265 2.30E-06
277.587 4137.1 0.0001277 2.30E-06
277.587 5516.13 0.0001303 2.30E-06
277.587 6895.17 0.0001326 2.40E-06
277.587 8618.7 0.0001356 2.40E-06
277.587 10342.2 0.0001386 2.40E-06
277.587 12065.8 0.0001415 2.50E-06
277.587 13789.3 0.0001443 2.50E-06
277.587 17337.7 0.00015 2.50E-06
277.587 20684.5 0.0001554 2.60E-06
277.587 27578.6 0.000166 2.70E-06
277.587 34473.8 0.0001763 2.90E-06
277.587 41368 0.0001863 3.00E-06
310.911 1379.03 8.46E-05 1.80E-06
310.911 2068.04 8.63E-05 1.90E-06
310.911 2758.07 8.80E-05 1.90E-06
310.911 3447.08 8.93E-05 1.90E-06
310.911 4137.1 9.08E-05 1.90E-06
310.911 5516.13 9.36E-05 1.90E-06
310.911 6895.17 9.61E-05 1.90E-06
310.911 8618.7 9.94E-05 2.00E-06
310.911 10342.2 0.0001023 2.00E-06
310.911 12065.8 0.0001052 2.00E-06
310.911 13789.3 0.0001078 2.10E-06
310.911 17337.7 0.0001131 2.10E-06
310.911 20684.5 0.0001179 2.20E-06
310.911 27578.6 0.0001276 2.30E-06
310.911 34473.8 0.0001368 2.40E-06
310.911 41368 0.0001452 2.50E-06
310.911 48263.1 0.0001535 2.60E-06
310.911 55158.3 0.0001608 2.70E-06
344.234 2758.07 5.69E-05 1.50E-06
344.234 3447.08 5.97E-05 1.60E-06
344.234 4137.1 6.21E-05 1.90E-06
344.234 5516.13 6.62E-05 1.60E-06
344.234 6895.17 6.91E-05 1.60E-06
344.234 8618.7 7.27E-05 1.70E-06
344.234 10342.2 7.63E-05 1.70E-06
344.234 12065.8 7.90E-05 1.70E-06
344.234 13789.3 8.19E-05 1.80E-06
344.234 17337.7 8.72E-05 1.80E-06
344.234 20684.5 9.22E-05 1.90E-06
344.234 27578.6 0.0001018 2.00E-06
344.234 34473.8 0.0001102 2.10E-06
344.234 41368 0.0001185 2.20E-06
344.234 48263.1 0.0001257 2.30E-06
344.234 55158.3 0.0001332 2.40E-06
90.008 2408.3 0.00757973 9.23E-05
90.008 4727.5 0.00774102 0.000118
90.008 7296 0.00797918 9.72E-05
90.008 8825 0.00826363 0.000115
90.008 10887 0.00829277 0.000102
90.008 14128 0.00876492 0.000107
90.008 14757.8 0.00887278 0.000127
90.008 16342.5 0.00913115 0.000128
90.008 17738.9 0.00927411 0.000114
90.008 20088.3 0.00939775 0.000151
90.008 21369.2 0.00952204 0.000117
90.008 24579 0.00986691 0.000122
90.008 24869.2 0.0101215 0.000124
90.008 27410 0.0102151 0.000173
90.008 29505.2 0.0107221 0.000155
95.008 1964 0.00529254 7.49E-05
95.008 4966.2 0.00555959 8.16E-05
95.008 8259.1 0.00561531 8.49E-05
95.008 11792.8 0.00599236 0.000101
95.008 15714.8 0.00624734 0.00011
95.008 20191.4 0.00647748 0.000134
95.008 23635.9 0.00669279 8.42E-05
95.008 27155.3 0.0068477 9.54E-05
95.008 30152.6 0.00713545 7.65E-05
100.009 1704.8 0.00394438 6.67E-05
100.009 4999.7 0.00399418 7.33E-05
100.009 8462.8 0.00413915 7.21E-05
100.009 12130.9 0.00432087 8.03E-05
100.009 15508.8 0.00447419 8.28E-05
100.009 19276 0.00471122 0.000104
100.009 22562 0.00493606 5.30E-05
100.009 26515.5 0.00503691 6.68E-05
100.009 29319.4 0.00508194 0.000124
110.011 3058.4 0.00235104 3.42E-05
110.011 7007.9 0.00244838 3.56E-05
110.011 10484.1 0.00250742 3.68E-05
110.011 13496.6 0.00259333 3.85E-05
110.011 17649 0.00268998 4.04E-05
110.011 21159.2 0.00278583 4.17E-05
110.011 24379.3 0.00287532 4.33E-05
110.011 27058.7 0.00292981 5.99E-05
140.014 2956 0.00085002 1.31E-05
140.014 7234.5 0.00087505 1.37E-05
140.014 10587.4 0.00089073 1.39E-05
140.014 14129.6 0.0009396 1.45E-05
140.014 17601.8 0.00097871 1.51E-05
140.014 21284 0.0009968 1.56E-05
140.014 24596.8 0.00099902 1.59E-05
140.014 27930.7 0.00105413 1.65E-05
140.014 31488.7 0.00108294 1.82E-05
299.994 2521.3 9.87E-05 1.36E-06
299.994 5010.5 0.00010294 1.39E-06
299.994 8061.2 0.00010801 1.45E-06
299.994 10314.3 0.00011195 1.48E-06
299.994 14486.7 0.00011854 1.57E-06
299.994 17933.9 0.00012432 1.64E-06
299.994 21511.5 0.0001294 1.69E-06
299.994 24552.2 0.0001354 1.73E-06
299.994 27961.8 0.00013952 1.80E-06
299.994 31481.9 0.00014248 1.85E-06
