T (K) P (kPa) Viscosity (Pa*s) Uncertainty (Pa*s)
277.592 1378.95 0.000195394 5.79E-06
277.592 2757.9 0.000198841 5.81E-06
277.592 4136.85 0.000202238 5.82E-06
277.592 5515.81 0.000205688 5.84E-06
277.592 6894.76 0.000208992 5.86E-06
277.592 10342.1 0.000217036 5.87E-06
277.592 13789.5 0.000224744 5.90E-06
277.592 17236.9 0.000232022 5.93E-06
277.592 20684.3 0.000239108 5.96E-06
277.592 24131.7 0.000246337 5.99E-06
277.592 27579 0.000253424 6.02E-06
277.592 31026.4 0.000260414 6.05E-06
277.592 34473.8 0.000267117 6.08E-06
410.91 4136.85 5.39E-05 5.22E-06
410.91 5515.81 5.92E-05 5.24E-06
410.91 6894.76 6.36E-05 5.27E-06
410.91 10342.1 7.21E-05 5.29E-06
410.91 13789.5 7.88E-05 5.32E-06
410.91 17236.9 8.46E-05 5.34E-06
410.91 20684.3 9.03E-05 5.37E-06
410.91 24131.7 9.59E-05 5.39E-06
410.91 27579 0.000101216 5.41E-06
410.91 31026.4 0.000105908 5.43E-06
410.91 34473.8 0.000110313 5.45E-06
277.591 228.906 0.00019461 4.49E-06
277.591 228.907 0.00019417 4.48E-06
277.591 701.886 0.00019462 4.49E-06
277.591 702.575 0.00019507 4.49E-06
277.591 702.576 0.00019464 4.49E-06
277.591 4120.31 0.00020156 4.51E-06
277.591 4125.82 0.00020222 4.51E-06
277.591 4128.58 0.00020225 4.51E-06
277.591 4132.72 0.00020162 4.51E-06
277.591 4135.47 0.00020158 4.50E-06
277.591 6874.76 0.00020779 4.53E-06
277.591 6883.72 0.00020802 4.53E-06
277.591 13018.7 0.00022311 4.58E-06
277.591 13151.7 0.00022248 4.58E-06
277.591 20717.4 0.00023851 4.63E-06
277.591 20747 0.00023911 4.63E-06
277.591 27013.7 0.00024959 4.67E-06
277.591 27108.8 0.00025086 4.67E-06
277.591 31320.1 0.00026089 4.71E-06
277.591 31434.6 0.00026155 4.71E-06
277.591 33658.1 0.00026555 4.72E-06
277.591 33785.7 0.00026661 4.72E-06
277.591 33878.1 0.0002647 4.70E-06
410.91 3473.27 5.03E-05 4.04E-06
410.91 3474.27 5.03E-05 4.00E-06
410.91 3476.32 5.02E-05 4.04E-06
410.91 4160.27 5.39E-05 4.05E-06
410.91 4160.28 5.39E-05 4.05E-06
410.91 5518.54 5.92E-05 4.06E-06
410.91 5519.92 5.87E-05 4.06E-06
410.91 6949.89 6.37E-05 4.08E-06
410.91 6954.02 6.37E-05 4.08E-06
410.91 10397.9 7.22E-05 4.10E-06
410.91 10399.3 7.20E-05 4.10E-06
410.91 13829.5 7.89E-05 4.12E-06
410.91 13830.8 7.90E-05 4.12E-06
410.91 20655.2 9.01E-05 4.16E-06
410.91 20689.7 9.03E-05 4.16E-06
410.91 27075.6 0.000100158 4.20E-06
410.91 27156.9 0.000100905 4.22E-06
410.91 27157 0.00010056 4.20E-06
410.91 30966.3 0.000105875 4.20E-06
410.91 31056.5 0.000105923 4.20E-06
410.91 31056.6 0.000105717 4.20E-06
410.91 35315.5 0.000111395 4.22E-06
410.91 35365 0.000111338 4.22E-06
410.91 35365.1 0.000111343 4.22E-06
310.909 689.48 0.0001415 2.10E-06
310.909 1378.95 0.000143 2.00E-06
310.909 2068.43 0.0001445 2.00E-06
310.909 2757.9 0.000146 2.00E-06
310.909 3447.38 0.0001472 2.00E-06
310.909 4136.85 0.0001485 2.10E-06
310.909 4826.33 0.00015 2.10E-06
310.909 5515.81 0.0001512 2.10E-06
310.909 6894.76 0.000154 2.10E-06
310.909 10342.1 0.000161 2.10E-06
310.909 13789.5 0.0001675 2.20E-06
310.909 20684.3 0.0001795 2.30E-06
310.909 27579 0.000192 2.40E-06
310.909 34473.8 0.0002035 2.40E-06
310.909 41368.5 0.000215 2.50E-06
310.909 48263.3 0.000227 2.60E-06
310.909 55158.1 0.0002375 2.70E-06
344.235 1378.95 0.000105 1.80E-06
344.235 2068.43 0.0001065 1.80E-06
344.235 2757.9 0.0001078 1.80E-06
344.235 3447.38 0.0001092 1.80E-06
344.235 4136.85 0.0001105 1.80E-06
344.235 4826.33 0.000112 1.80E-06
344.235 5515.81 0.0001135 1.80E-06
344.235 6894.76 0.000116 1.80E-06
344.235 10342.1 0.0001225 1.90E-06
344.235 13789.5 0.000129 1.90E-06
344.235 20684.3 0.0001412 2.00E-06
344.235 27579 0.0001522 2.10E-06
344.235 34473.8 0.0001632 2.20E-06
344.235 41368.5 0.0001735 2.20E-06
344.235 48263.3 0.0001838 2.30E-06
344.235 55158.1 0.000194 2.40E-06
377.569 2068.43 7.60E-05 1.60E-06
377.569 2757.9 7.75E-05 1.60E-06
377.569 3447.38 7.90E-05 1.60E-06
377.569 4136.85 8.05E-05 1.60E-06
377.569 4826.33 8.25E-05 1.60E-06
377.569 5515.81 8.40E-05 1.60E-06
377.569 6894.76 8.68E-05 1.60E-06
377.569 10342.1 9.40E-05 1.70E-06
377.569 13789.5 0.0001005 1.70E-06
377.569 20684.3 0.0001125 1.80E-06
377.569 27579 0.0001233 1.90E-06
377.569 34473.8 0.0001337 1.90E-06
377.569 41368.5 0.0001432 2.00E-06
410.909 3447.38 5.10E-05 1.40E-06
410.909 4136.85 5.35E-05 1.40E-06
410.909 4826.33 5.65E-05 1.40E-06
410.909 5515.81 5.90E-05 1.40E-06
410.909 6894.76 6.30E-05 1.40E-06
410.909 10342.1 7.15E-05 1.50E-06
410.909 13789.5 7.85E-05 1.60E-06
310.911 680 0.0001415 3.13E-06
310.911 1360 0.000143 3.16E-06
310.911 2040 0.0001445 3.19E-06
310.911 2720 0.000146 3.22E-06
310.911 3400 0.0001472 3.24E-06
310.911 4080 0.0001485 3.27E-06
310.911 4760 0.00015 3.30E-06
310.911 5440 0.0001512 3.32E-06
310.911 6800 0.000154 3.38E-06
310.911 10210 0.000161 3.52E-06
310.911 13610 0.0001675 3.65E-06
310.911 20410 0.0001795 3.89E-06
310.911 27220 0.000192 4.14E-06
310.911 34020 0.0002035 4.37E-06
310.911 40830 0.000215 4.60E-06
310.911 47630 0.000227 4.84E-06
310.911 54440 0.0002375 5.05E-06
310.911 61240 0.000248 5.26E-06
310.911 68050 0.0002585 5.47E-06
327.566 680 0.0001205 2.71E-06
327.566 1360 0.000122 2.74E-06
327.566 2040 0.0001235 2.77E-06
327.566 2720 0.000125 2.80E-06
327.566 3400 0.0001265 2.83E-06
327.566 4080 0.0001278 2.86E-06
327.566 4760 0.0001293 2.89E-06
327.566 5440 0.0001305 2.91E-06
327.566 6800 0.0001335 2.97E-06
327.566 10210 0.00014 3.10E-06
327.566 13610 0.0001465 3.23E-06
327.566 20410 0.000159 3.48E-06
327.566 27220 0.0001705 3.71E-06
327.566 34020 0.000182 3.94E-06
327.566 40830 0.000193 4.16E-06
327.566 47630 0.000204 4.38E-06
327.566 54440 0.000215 4.60E-06
327.566 61240 0.000226 4.82E-06
327.566 68050 0.000237 5.04E-06
344.234 1360 0.000105 2.40E-06
344.234 2040 0.0001065 2.43E-06
344.234 2720 0.0001078 2.46E-06
344.234 3400 0.0001092 2.48E-06
344.234 4080 0.0001105 2.51E-06
344.234 4760 0.000112 2.54E-06
344.234 5440 0.0001135 2.57E-06
344.234 6800 0.000116 2.62E-06
344.234 10210 0.0001225 2.75E-06
344.234 13610 0.000129 2.88E-06
344.234 20410 0.0001412 3.12E-06
344.234 27220 0.0001522 3.34E-06
344.234 34020 0.0001632 3.56E-06
344.234 40830 0.0001735 3.77E-06
344.234 47630 0.0001838 3.98E-06
344.234 54440 0.000194 4.18E-06
344.234 61240 0.000204 4.38E-06
344.234 68050 0.000214 4.58E-06
360.903 1360 8.85E-05 2.07E-06
360.903 2040 9.00E-05 2.10E-06
360.903 2720 9.15E-05 2.13E-06
360.903 3400 9.30E-05 2.16E-06
360.903 4080 9.45E-05 2.19E-06
360.903 4760 9.60E-05 2.22E-06
360.903 5440 9.75E-05 2.25E-06
360.903 6800 0.0001005 2.31E-06
360.903 10210 0.0001075 2.45E-06
360.903 13610 0.000114 2.58E-06
360.903 20410 0.000126 2.82E-06
360.903 27220 0.0001375 3.05E-06
360.903 34020 0.000148 3.26E-06
360.903 40830 0.000158 3.46E-06
360.903 47630 0.0001676 3.65E-06
360.903 54440 0.0001772 3.84E-06
360.903 61240 0.0001865 4.03E-06
360.903 68050 0.000196 4.22E-06
377.565 2040 7.60E-05 1.82E-06
377.565 2720 7.75E-05 1.85E-06
377.565 3400 7.90E-05 1.88E-06
377.565 4080 8.05E-05 1.91E-06
377.565 4760 8.25E-05 1.95E-06
377.565 5440 8.40E-05 1.98E-06
377.565 6800 8.68E-05 2.04E-06
377.565 10210 9.40E-05 2.18E-06
377.565 13610 0.0001005 2.31E-06
377.565 20410 0.0001125 2.55E-06
377.565 27220 0.0001233 2.77E-06
377.565 34020 0.0001337 2.97E-06
377.565 40830 0.0001432 3.16E-06
377.565 47630 0.0001528 3.36E-06
377.565 54440 0.0001618 3.54E-06
377.565 61240 0.0001705 3.71E-06
377.565 68050 0.0001795 3.89E-06
394.237 2720 6.15E-05 1.53E-06
394.237 3400 6.40E-05 1.58E-06
394.237 4080 6.65E-05 1.63E-06
394.237 4760 6.85E-05 1.67E-06
394.237 5440 7.05E-05 1.71E-06
394.237 6800 7.40E-05 1.78E-06
394.237 10210 8.20E-05 1.94E-06
394.237 13610 8.87E-05 2.07E-06
394.237 20410 0.000101 2.32E-06
394.237 27220 0.000112 2.54E-06
394.237 34020 0.0001222 2.74E-06
394.237 40830 0.0001315 2.93E-06
394.237 47630 0.0001405 3.11E-06
394.237 54440 0.0001495 3.29E-06
394.237 61240 0.000158 3.46E-06
394.237 68050 0.0001665 3.63E-06
410.912 3400 5.10E-05 1.32E-06
410.912 4080 5.35E-05 1.37E-06
410.912 4760 5.65E-05 1.43E-06
410.912 5440 5.90E-05 1.48E-06
410.912 6800 6.30E-05 1.56E-06
410.912 10210 7.15E-05 1.73E-06
410.912 13610 7.85E-05 1.87E-06
410.912 20410 9.05E-05 2.11E-06
410.912 27220 0.0001015 2.33E-06
410.912 34020 0.0001115 2.53E-06
410.912 40830 0.0001208 2.72E-06
410.912 47630 0.0001293 2.89E-06
410.912 54440 0.0001375 3.05E-06
410.912 61240 0.0001455 3.21E-06
410.912 68050 0.0001535 3.37E-06
140.014 1516.1 0.0019524 7.89E-05
140.014 4676.6 0.0020125 8.13E-05
140.014 7417.4 0.0020553 8.30E-05
140.014 10241 0.0021174 8.53E-05
140.014 12837.3 0.0021997 8.85E-05
140.014 15489.4 0.002264 9.16E-05
140.014 17459 0.0023201 9.38E-05
140.014 21265.2 0.0023846 9.65E-05
140.014 24623 0.0024403 9.86E-05
140.014 27709.7 0.0024869 0.0001
140.014 30293.5 0.0025654 0.000103
150.014 1769.2 0.0014002 5.67E-05
150.014 5088.2 0.0014438 5.88E-05
150.014 7956.2 0.0015124 6.09E-05
150.014 14667.5 0.0015624 6.30E-05
150.014 17822.2 0.0016417 6.72E-05
150.014 21411.3 0.0016632 6.75E-05
150.014 24056.5 0.0017368 7.01E-05
150.014 26636.1 0.0017859 7.20E-05
150.014 29112.8 0.0018095 7.29E-05
160.014 1460.2 0.0010734 4.34E-05
160.014 4665.5 0.0010983 4.45E-05
160.014 8057 0.0011303 4.55E-05
160.014 11465.9 0.0011698 4.70E-05
160.014 14444.8 0.001196 4.81E-05
160.014 16962.3 0.00123 5.04E-05
160.014 21129 0.0012485 5.02E-05
160.014 24462.7 0.0012826 5.16E-05
160.014 27046 0.0013178 5.36E-05
160.014 30056.3 0.0013683 5.60E-05
160.014 32226.9 0.0013818 5.55E-05
180.012 2183.7 0.0007037 2.84E-05
180.012 5420.1 0.0007299 2.94E-05
180.012 8199 0.0007454 3.00E-05
180.012 11308.4 0.0007608 3.06E-05
180.012 14396.7 0.0007823 3.15E-05
180.012 17785.1 0.0007979 3.22E-05
180.012 21181.4 0.0008138 3.27E-05
180.012 24773.4 0.0008356 3.36E-05
180.012 28052.3 0.0008519 3.47E-05
180.012 31235.1 0.0008807 3.60E-05
200.011 2033 0.0005076 2.03E-05
200.011 5124.9 0.0005191 2.08E-05
200.011 7986.4 0.0005338 2.14E-05
200.011 11140.6 0.0005501 2.20E-05
200.011 14428.6 0.0005609 2.25E-05
200.011 17975.3 0.0005738 2.30E-05
200.011 21316.6 0.000578 2.32E-05
200.011 24636.5 0.000606 2.43E-05
200.011 27901.3 0.0006185 2.48E-05
200.011 30205.5 0.0006327 2.54E-05
200.011 31029.3 0.0006461 2.60E-05
250.005 1846.3 0.0002671 1.07E-05
250.005 5117.2 0.0002759 1.11E-05
250.005 7940.7 0.0002836 1.14E-05
250.005 11783.2 0.0002925 1.17E-05
250.005 14620.9 0.0002993 1.20E-05
250.005 17937 0.0003059 1.23E-05
250.005 21456.1 0.0003162 1.27E-05
250.005 24601.8 0.0003227 1.29E-05
250.005 27047.2 0.0003273 1.31E-05
250.005 30026.9 0.0003373 1.35E-05
299.994 1728.9 0.0001578 6.30E-06
299.994 4817.5 0.0001643 6.60E-06
299.994 7651.5 0.0001708 6.80E-06
299.994 10269.4 0.0001758 7.00E-06
299.994 14431.5 0.0001882 7.50E-06
299.994 17761.4 0.0001923 7.70E-06
299.994 21509.5 0.0002013 8.10E-06
299.994 24767.7 0.0002059 8.20E-06
299.994 28154.2 0.0002129 8.50E-06
299.994 30699.4 0.0002179 8.70E-06
299.994 33916.6 0.0002214 8.90E-06
323 13310 0.0001497 1.54E-05
323 18030 0.0001601 1.64E-05
323 21980 0.0001694 1.73E-05
323 26850 0.0001775 1.83E-05
323 29760 0.0001857 1.91E-05
323 31920 0.0001935 2.00E-05
323 34250 0.0001962 2.04E-05
323 34540 0.0001988 2.06E-05
323 34560 0.0001967 2.03E-05
323 37210 0.0001932 1.99E-05
323 43590 0.0001961 1.99E-05
323 52270 0.0002118 2.13E-05
323 61420 0.0002281 2.31E-05
323 68370 0.0002386 2.43E-05
323 68390 0.000239 2.43E-05
348 13860 0.0001212 1.25E-05
348 21190 0.0001378 1.42E-05
348 28110 0.0001454 1.49E-05
348 34750 0.0001572 1.62E-05
348 34770 0.0001576 1.63E-05
348 41350 0.0001746 1.78E-05
348 44670 0.000177 1.80E-05
348 48370 0.0001879 1.93E-05
348 48390 0.000185 1.90E-05
348 51810 0.0001978 2.00E-05
348 55090 0.000205 2.09E-05
348 55100 0.0002052 2.09E-05
348 58530 0.0001942 1.98E-05
348 62020 0.0002005 2.03E-05
348 62060 0.000202 2.05E-05
348 65590 0.0002036 2.05E-05
348 68500 0.0002056 2.08E-05
348 69170 0.0002072 2.09E-05
373 15170 0.0001063 1.08E-05
373 17160 0.0001108 1.12E-05
373 21120 0.0001169 1.19E-05
373 21210 0.0001174 1.20E-05
373 27580 0.0001256 1.28E-05
373 27630 0.0001257 1.28E-05
373 34380 0.0001342 1.37E-05
373 34580 0.0001332 1.36E-05
373 41460 0.0001462 1.49E-05
373 48340 0.0001543 1.58E-05
373 48380 0.0001557 1.59E-05
373 55160 0.0001698 1.73E-05
373 58510 0.0001722 1.75E-05
373 62080 0.000178 1.81E-05
373 63750 0.0001817 1.85E-05
373 66940 0.0001883 1.91E-05
373 69120 0.0001935 1.96E-05
398 17540 9.71E-05 9.90E-06
398 18390 9.98E-05 1.01E-05
398 22210 0.0001048 1.07E-05
398 22260 0.0001038 1.06E-05
398 27620 0.0001098 1.12E-05
398 34450 0.0001181 1.20E-05
398 34460 0.0001187 1.20E-05
398 41370 0.0001268 1.29E-05
398 45540 0.0001326 1.35E-05
398 48140 0.0001365 1.39E-05
398 58630 0.0001483 1.51E-05
398 62220 0.0001532 1.56E-05
398 65190 0.0001592 1.62E-05
398 68890 0.0001631 1.67E-05
398 68920 0.0001628 1.67E-05
413 14190 8.05E-05 8.20E-06
413 16930 8.83E-05 9.10E-06
413 21670 9.30E-05 9.70E-06
413 27620 0.0001023 1.04E-05
413 34460 0.0001097 1.11E-05
413 41550 0.0001184 1.20E-05
413 48430 0.0001251 1.27E-05
413 55130 0.0001346 1.37E-05
413 55150 0.0001349 1.38E-05
413 62330 0.0001405 1.43E-05
413 69000 0.0001495 1.52E-05
413 69010 0.0001499 1.52E-05
273.15 10000 0.000225 1.30E-05
273.15 20000 0.000247 1.50E-05
273.15 30000 0.000269 1.60E-05
293.15 10000 0.000184 1.10E-05
293.15 20000 0.000209 1.20E-05
293.15 30000 0.000232 1.40E-05
313.15 400 0.000143 9.00E-06
313.15 10000 0.00016 1.00E-05
313.15 20000 0.000184 1.10E-05
313.15 30000 0.000202 1.20E-05
333.15 10000 0.000133 8.00E-06
333.15 20000 0.000153 9.00E-06
333.15 30000 0.000172 1.00E-05
249.569 38.3642 0.000265 5.00E-06
273.15 103.322 0.000207 5.00E-05
291.639 198.041 0.000176 4.00E-06
307.632 324.111 0.000153 4.30E-05
310.909 356.064 0.000147 1.20E-06
327.57 556.487 0.0001232 1.00E-06
344.235 830.702 0.0001024 9.00E-07
360.901 1193.68 8.34E-05 8.00E-07
199.867 1.91822 0.000485 4.00E-06
210.974 4.31909 0.000415 3.70E-06
222.078 8.85997 0.000361 3.40E-06
233.182 16.8032 0.000315 3.00E-06
244.284 29.809 0.000278 2.90E-06
255.384 49.9467 0.000248 2.60E-06
266.489 79.6985 0.000221 2.40E-06
203.195 2.47279 0.00046 1.15E-05
213.196 5.02176 0.000401 1.00E-05
223.188 9.47683 0.000355 8.88E-06
233.182 16.8032 0.000314 7.85E-06
243.174 28.2247 0.00028 7.00E-06
253.166 45.2388 0.000252 6.30E-06
263.158 69.6038 0.000227 5.67E-06
273.15 103.322 0.000207 5.17E-06
293.145 207.977 0.000164 4.00E-06
140.014 0.0017219 0.0018997 7.65E-05
145.014 0.00398865 0.0015921 6.47E-05
150.014 0.0086793 0.0013327 5.39E-05
155.014 0.0178538 0.0012004 4.84E-05
160.014 0.0349114 0.0010472 4.22E-05
170.013 0.116817 0.0008169 3.29E-05
180.012 0.335864 0.0006903 2.77E-05
190.012 0.851157 0.0005715 2.30E-05
200.011 1.93978 0.0004852 1.95E-05
220.009 7.79922 0.0003682 1.48E-05
240.007 24.0757 0.0002887 1.16E-05
250.005 39.1499 0.0002598 1.04E-05
260.003 60.9996 0.0002334 9.30E-06
273.15 103.322 0.000203 1.20E-05
293.15 208.008 0.00017 1.00E-05
333.15 639.378 0.000118 7.00E-06
390 2091.77 6.72E-05 4.82E-05
400 2494.69 6.29E-05 4.67E-05
410 2956.13 5.91E-05 4.54E-05
420 3486.43 5.56E-05 4.43E-05
