T (K) Pressure (kPa) Viscosity (Pa*s) Uncertainty (Pa*s)
568.785 2496.65 0.0002645 7.20E-06
273.1 50000 0.00121 3.50E-05
273.1 100000 0.00173 5.10E-05
273.1 150000 0.00235 6.90E-05
273.1 200000 0.003119 9.40E-05
273.1 250000 0.00445 0.000134
303.143 50000 0.0007889 2.37E-05
303.143 100000 0.0011006 3.32E-05
303.143 150000 0.0015194 4.59E-05
303.143 200000 0.0019918 6.09E-05
303.143 250000 0.0025714 8.29E-05
303.143 300000 0.0033262 9.92E-05
303.143 350000 0.00431 0.000129
303.143 400000 0.0056687 0.000167
333.134 50000 0.00056 1.66E-05
333.134 100000 0.0008006 2.35E-05
333.134 150000 0.0010591 3.21E-05
333.134 200000 0.0013391 4.16E-05
333.134 250000 0.0016586 5.31E-05
333.134 300000 0.0020786 6.79E-05
333.134 350000 0.0027212 8.87E-05
333.134 400000 0.0035721 0.000118
298.224 53600 0.000852 3.50E-05
298.224 102500 0.001204 4.90E-05
298.224 149400 0.001666 6.80E-05
298.224 202000 0.002274 9.30E-05
298.224 252100 0.003044 0.000124
298.224 305100 0.004059 0.000166
298.224 353600 0.005229 0.000214
298.224 401500 0.006683 0.000273
298.224 453000 0.00867 0.000354
323.237 52400 0.000624 2.50E-05
323.237 99900 0.000879 3.60E-05
323.237 150600 0.001206 4.90E-05
323.237 200200 0.001593 6.50E-05
323.237 253500 0.002099 8.60E-05
323.237 302000 0.002654 0.000108
323.237 354300 0.003385 0.000138
323.237 408800 0.004314 0.000176
323.237 455000 0.00526 0.000215
323.237 505500 0.006497 0.000265
348.271 47500 0.000476 1.90E-05
348.271 103100 0.000702 2.90E-05
348.271 153900 0.000945 3.90E-05
348.271 203400 0.00122 5.00E-05
348.271 253700 0.001555 6.30E-05
348.271 303100 0.001936 7.90E-05
348.271 352100 0.002381 9.70E-05
348.271 405300 0.002946 0.00012
348.271 452600 0.003538 0.000145
348.271 503000 0.00427 0.000175
373.094 48800 0.000397 1.60E-05
373.094 103600 0.000574 2.30E-05
373.094 162100 0.000799 3.30E-05
373.094 197700 0.00095 3.90E-05
373.094 250900 0.001206 4.90E-05
373.094 302300 0.001487 6.10E-05
373.094 354400 0.001826 7.50E-05
373.094 404600 0.002206 9.00E-05
298.144 10000 0.000563649 2.28E-05
298.144 20000 0.000620978 2.51E-05
298.144 30000 0.000680831 2.75E-05
298.144 40000 0.000743189 3.00E-05
298.144 50000 0.000808031 3.26E-05
298.144 60000 0.000875341 3.53E-05
298.144 70000 0.000945101 3.82E-05
298.144 80000 0.00101729 4.11E-05
298.144 90000 0.00109191 4.41E-05
298.144 100000 0.00116892 4.72E-05
298.144 110000 0.00124832 5.04E-05
303.143 10000 0.000532601 2.15E-05
303.143 20000 0.00058724 2.37E-05
303.143 30000 0.00064396 2.60E-05
303.143 40000 0.00070272 2.84E-05
303.143 50000 0.000763483 3.08E-05
303.143 60000 0.000826213 3.33E-05
303.143 70000 0.000890879 3.60E-05
303.143 80000 0.000957449 3.86E-05
303.143 90000 0.00102589 4.14E-05
303.143 100000 0.00109619 4.43E-05
303.143 110000 0.0011683 4.72E-05
323.137 10000 0.000429793 1.73E-05
323.137 20000 0.000475051 1.92E-05
323.137 30000 0.000521484 2.10E-05
323.137 40000 0.00056904 2.30E-05
323.137 50000 0.000617676 2.49E-05
323.137 60000 0.00066735 2.69E-05
323.137 70000 0.000718025 2.90E-05
323.137 80000 0.000769667 3.11E-05
323.137 90000 0.000822246 3.32E-05
323.137 100000 0.000875732 3.54E-05
323.137 110000 0.000930099 3.76E-05
348.131 10000 0.00033925 1.37E-05
348.131 20000 0.000376857 1.52E-05
348.131 30000 0.000414818 1.67E-05
348.131 40000 0.000453106 1.83E-05
348.131 50000 0.000491699 1.98E-05
348.131 60000 0.000530578 2.14E-05
348.131 70000 0.000569724 2.30E-05
348.131 80000 0.000609124 2.46E-05
348.131 90000 0.000648763 2.62E-05
348.131 100000 0.000688629 2.78E-05
348.131 110000 0.000728713 2.94E-05
218.159 116.9 0.0021771 1.95E-05
223.159 116.8 0.0019005 1.74E-05
223.159 9916 0.0021445 1.89E-05
223.159 19714 0.0024173 2.00E-05
223.159 29513 0.0027201 2.38E-05
228.158 115.8 0.0016709 1.44E-05
228.158 9916 0.0018889 1.61E-05
228.158 14814 0.0020003 1.52E-05
228.158 29512 0.0024065 2.17E-05
228.158 44210 0.0028285 2.08E-05
228.158 58908 0.0033093 2.79E-05
243.156 117.5 0.0011887 1.06E-05
243.156 9911 0.0013376 1.18E-05
243.156 19710 0.0014897 1.37E-05
243.156 39308 0.0018083 1.48E-05
243.156 49106 0.0020019 1.64E-05
243.156 58904 0.002219 1.99E-05
258.153 117.6 0.0009081 8.00E-06
258.153 9917 0.0010183 8.90E-06
258.153 19715 0.0011268 9.80E-06
258.153 39312 0.0013731 1.21E-05
258.153 49111 0.0015008 1.28E-05
258.153 58910 0.0016482 1.41E-05
273.15 128.8 0.0007138 6.30E-06
273.15 9928 0.0007928 6.90E-06
273.15 19726 0.0008747 7.50E-06
273.15 29524 0.00096 9.30E-06
273.15 49120 0.0011478 9.60E-06
273.15 58919 0.0012527 1.05E-05
298.144 128.5 0.0005151 4.80E-06
298.144 9928 0.0005718 5.20E-06
298.144 19727 0.0006295 5.60E-06
298.144 29526 0.0006877 6.00E-06
298.144 30324 0.0007482 6.40E-06
298.144 49123 0.000812 7.00E-06
298.144 58920 0.0008796 7.60E-06
323.137 128.5 0.0003843 3.80E-06
323.137 9929 0.0004301 4.20E-06
323.137 19729 0.0004746 4.50E-06
323.137 39324 0.0005565 5.50E-06
323.137 49124 0.0006123 5.50E-06
323.137 58920 0.0006565 5.80E-06
348.131 120.3 0.0003007 3.20E-06
348.131 14818 0.0003593 3.60E-06
348.131 29516 0.0004152 4.00E-06
348.131 44214 0.000471 4.40E-06
348.131 58908 0.0005271 4.80E-06
373.124 115.2 0.0002428 2.70E-06
373.124 14812 0.000291 3.10E-06
373.124 29510 0.0003382 3.40E-06
373.124 44207 0.0003858 3.70E-06
373.124 58911 0.000444 4.16E-06
398.119 114 0.0001984 2.40E-06
398.119 604.1 0.0001994 2.40E-06
398.119 14811 0.0002429 2.70E-06
398.119 29509 0.0002842 3.00E-06
398.119 44206 0.000325 3.30E-06
398.119 58905 0.0003656 3.60E-06
423.114 403.5 0.0001664 2.20E-06
423.114 3049 0.0001769 2.20E-06
423.114 14803 0.0002055 2.50E-06
423.114 29503 0.0002443 2.70E-06
423.114 44201 0.0002809 3.00E-06
423.114 58900 0.0003165 3.20E-06
448.111 593.6 0.0001373 2.00E-06
448.111 3043 0.0001503 2.10E-06
448.111 14801 0.0001753 2.20E-06
448.111 29498 0.0002111 2.50E-06
448.111 44198 0.0002426 2.70E-06
448.111 58897 0.0002726 2.90E-06
473.11 595.6 0.0001123 1.80E-06
473.11 7915 0.0001346 2.00E-06
473.11 8045 0.0001352 2.00E-06
473.11 14803 0.0001521 2.10E-06
473.11 19698 0.0001641 2.20E-06
473.11 44196 0.0002146 2.50E-06
473.11 58895 0.0002418 2.70E-06
498.11 1084 9.19E-05 1.70E-06
498.11 3046 9.94E-05 1.70E-06
498.11 7942 0.0001129 1.80E-06
498.11 14803 0.0001316 1.90E-06
498.11 29500 0.000164 2.20E-06
498.11 44197 0.000192 2.40E-06
498.11 58894 0.000218 2.50E-06
523.11 1379 7.27E-05 1.50E-06
523.11 3043 8.20E-05 1.60E-06
523.11 7943 9.73E-05 1.70E-06
523.11 14789 0.0001148 1.80E-06
523.11 19493 0.000125 1.90E-06
523.11 58893 0.0001966 2.40E-06
548.111 2066 5.59E-05 1.40E-06
548.111 3745 6.21E-05 1.40E-06
548.111 7942 8.20E-05 1.60E-06
548.111 14810 0.0001003 1.70E-06
548.111 29499 0.0001291 1.90E-06
548.111 58893 0.0001772 2.20E-06
323 12860 0.0004435 4.59E-05
323 24400 0.0004994 5.18E-05
323 34520 0.0005491 5.69E-05
323 44990 0.0006047 6.27E-05
323 55570 0.0006752 6.96E-05
323 64650 0.0007174 7.38E-05
348 8730 0.0003353 3.45E-05
348 15490 0.0003637 3.72E-05
348 24050 0.0003907 4.06E-05
348 34910 0.0004344 4.50E-05
348 44800 0.0004784 4.95E-05
348 55650 0.0005368 5.56E-05
348 65300 0.0005858 6.06E-05
373 8000 0.000272 2.80E-05
373 9040 0.0002742 2.82E-05
373 15580 0.0003 3.06E-05
373 23820 0.0003245 3.32E-05
373 35240 0.0003675 3.77E-05
373 45010 0.0004047 4.15E-05
373 55200 0.0004424 4.55E-05
373 66480 0.0004865 5.01E-05
398 13570 0.0002451 2.49E-05
398 22500 0.0002726 2.78E-05
398 23870 0.0002794 2.85E-05
398 34570 0.0003043 3.11E-05
398 41850 0.0003286 3.35E-05
398 44900 0.0003353 3.44E-05
398 55440 0.0003694 3.79E-05
398 58450 0.0003762 3.84E-05
398 65680 0.0004009 4.12E-05
423 14850 0.000216 2.20E-05
423 23500 0.0002398 2.46E-05
423 33240 0.0002607 2.65E-05
423 36640 0.0002654 2.70E-05
423 46640 0.000293 3.00E-05
423 56400 0.0003143 3.21E-05
423 63390 0.000334 3.44E-05
423 66350 0.000336 3.46E-05
448 11540 0.0001868 1.89E-05
448 19410 0.0002136 2.17E-05
448 29160 0.0002228 2.26E-05
448 34370 0.0002365 2.40E-05
448 37760 0.0002354 2.39E-05
448 42760 0.000244 2.50E-05
448 51400 0.0002576 2.64E-05
448 55410 0.0002669 2.74E-05
448 58210 0.0002697 2.76E-05
303.15 5620 0.0005097 7.60E-06
303.15 10520 0.0005363 7.90E-06
303.15 15810 0.000565 8.10E-06
303.15 21110 0.0005949 8.40E-06
303.15 26710 0.0006265 8.80E-06
303.15 31840 0.0006559 9.10E-06
303.15 52360 0.0007794 1.04E-05
303.15 75380 0.0009293 1.20E-05
303.15 101660 0.0011188 1.40E-05
303.15 126100 0.0013136 1.61E-05
303.15 152000 0.0015443 1.87E-05
303.15 174700 0.0017718 2.12E-05
303.15 202710 0.0020805 2.47E-05
303.15 226480 0.0023757 2.81E-05
303.15 253070 0.0027483 3.23E-05
323.15 180 0.0003875 6.40E-06
323.15 5120 0.0004097 6.60E-06
323.15 10380 0.0004333 6.90E-06
323.15 15920 0.0004585 7.10E-06
323.15 20860 0.000481 7.30E-06
323.15 25950 0.0005043 7.60E-06
323.15 31260 0.0005291 7.80E-06
323.15 50750 0.000622 8.70E-06
323.15 76380 0.0007525 1.01E-05
323.15 101790 0.0008937 1.16E-05
323.15 126510 0.0010422 1.32E-05
323.15 152310 0.001214 1.51E-05
323.15 174480 0.0013919 1.71E-05
323.15 201530 0.001591 1.94E-05
323.15 226700 0.0018117 2.19E-05
323.15 251850 0.0020518 2.48E-05
348.15 230 0.0003051 5.70E-06
348.15 5110 0.0003235 5.90E-06
348.15 10550 0.000344 6.00E-06
348.15 15600 0.000363 6.20E-06
348.15 20670 0.0003821 6.40E-06
348.15 25850 0.0004014 6.60E-06
348.15 30680 0.0004193 6.70E-06
348.15 53300 0.0005062 7.60E-06
348.15 76420 0.0005986 8.50E-06
348.15 101810 0.0007101 9.70E-06
348.15 126310 0.000817 1.09E-05
348.15 152080 0.0009429 1.23E-05
348.15 175280 0.0010652 1.37E-05
348.15 200640 0.0012082 1.53E-05
348.15 225830 0.0013632 1.72E-05
348.15 247410 0.0015057 1.89E-05
283.15 11960 0.000692 8.00E-06
283.15 25490 0.000791 9.00E-06
283.15 48460 0.000985 1.10E-05
283.15 73500 0.001206 1.40E-05
283.15 98500 0.001455 1.60E-05
283.15 148100 0.002056 2.30E-05
283.15 198600 0.002855 3.20E-05
283.15 248000 0.003872 4.40E-05
283.15 273000 0.004911 5.50E-05
283.15 298600 0.005228 5.90E-05
283.15 322050 0.005989 6.80E-05
283.15 364500 0.007631 8.60E-05
283.15 366000 0.007672 8.60E-05
298.14 12660 0.000587 7.00E-06
298.14 22940 0.000655 7.00E-06
298.14 49140 0.000814 9.00E-06
298.14 98830 0.001183 1.30E-05
298.14 148510 0.00164 1.80E-05
298.14 199240 0.00223 2.50E-05
298.14 248690 0.002959 3.30E-05
298.14 298750 0.003893 4.40E-05
298.14 349000 0.005069 5.80E-05
298.14 363730 0.005468 0.000158
298.14 364800 0.005494 0.000159
323.15 12860 0.000445 5.00E-06
323.15 24220 0.000496 6.00E-06
323.15 49110 0.000613 7.00E-06
323.15 98950 0.000871 1.00E-05
323.15 148520 0.001182 1.30E-05
323.15 198940 0.001561 1.80E-05
323.15 248860 0.002015 2.30E-05
323.15 297630 0.002549 2.90E-05
323.15 347000 0.003208 3.60E-05
323.15 365770 0.00349 4.10E-05
347.52 12370 0.000355 4.00E-06
347.52 26690 0.000406 5.00E-06
347.52 51440 0.000499 6.00E-06
347.52 76730 0.000597 7.00E-06
347.52 100850 0.000702 8.00E-06
347.52 151370 0.000939 1.10E-05
347.52 199450 0.001206 1.40E-05
347.52 250580 0.001534 1.70E-05
347.52 273200 0.001701 1.90E-05
347.52 293830 0.001902 2.10E-05
347.52 325390 0.002121 2.40E-05
347.52 350360 0.002361 2.70E-05
347.52 373370 0.002603 2.90E-05
353.15 12400 0.000338 4.00E-06
353.15 48680 0.000466 5.00E-06
353.15 98790 0.000658 7.00E-06
353.15 148840 0.000878 1.00E-05
353.15 198130 0.001127 1.30E-05
353.15 247770 0.001419 1.60E-05
353.15 297790 0.001763 2.00E-05
353.15 347270 0.002162 2.40E-05
353.15 369660 0.002363 2.70E-05
297.95 4995 0.0005602 5.60E-06
297.95 9913 0.0005894 5.90E-06
297.95 14815 0.0006378 6.30E-06
297.95 21696 0.0006688 6.60E-06
297.95 24626 0.0007056 6.90E-06
313.05 4995 0.0004645 4.80E-06
313.05 9913 0.0004986 5.10E-06
313.05 14815 0.0005249 5.30E-06
313.05 21696 0.0005569 5.60E-06
313.05 24626 0.0005739 5.80E-06
328.05 4995 0.0004066 4.30E-06
328.05 9913 0.0004072 4.30E-06
328.05 14815 0.0004492 4.70E-06
328.05 21696 0.0004863 5.00E-06
328.05 24626 0.0005075 5.20E-06
343.15 4995 0.0003474 3.80E-06
343.15 9913 0.0003471 3.70E-06
343.15 14815 0.0003813 4.10E-06
343.15 21696 0.0004048 4.30E-06
343.15 24626 0.0004289 4.50E-06
358.25 4995 0.0003091 3.40E-06
358.25 9913 0.0003185 3.50E-06
358.25 14815 0.0003387 3.70E-06
358.25 21696 0.0003468 3.70E-06
358.25 24626 0.0003793 4.00E-06
373.35 4995 0.000267 3.10E-06
373.35 9913 0.0002824 3.20E-06
373.35 14815 0.0003074 3.40E-06
373.35 21696 0.0003178 3.50E-06
373.35 24626 0.0003337 3.60E-06
298.15 20900 0.000631 2.60E-05
298.15 20900 0.000631 2.60E-05
298.15 40600 0.000753 3.10E-05
298.15 40600 0.000753 3.10E-05
298.15 60900 0.000889 3.60E-05
298.15 60900 0.000889 3.60E-05
298.15 80000 0.00104 4.20E-05
298.15 80000 0.00104 4.20E-05
298.15 80100 0.00103 4.20E-05
298.15 80100 0.00103 4.20E-05
298.15 100300 0.00119 4.80E-05
298.15 100300 0.00119 4.80E-05
298.15 120100 0.00136 5.50E-05
298.15 120100 0.00136 5.50E-05
298.15 139700 0.00155 6.30E-05
298.15 139700 0.00156 6.30E-05
298.15 139800 0.00155 6.30E-05
298.15 139900 0.00155 6.30E-05
298.15 159300 0.00175 7.10E-05
298.15 159500 0.00175 7.10E-05
298.15 179200 0.00198 8.00E-05
298.15 179600 0.00198 8.00E-05
298.15 197200 0.00221 8.90E-05
323.15 20100 0.000477 2.00E-05
323.15 20100 0.000477 2.00E-05
323.15 40000 0.00057 2.40E-05
323.15 40000 0.00057 2.40E-05
323.15 60600 0.000672 2.80E-05
323.15 60600 0.000672 2.80E-05
323.15 80100 0.000777 3.20E-05
323.15 80100 0.000778 3.20E-05
323.15 80100 0.000781 3.20E-05
323.15 80100 0.000781 3.20E-05
323.15 101000 0.000897 3.70E-05
323.15 101000 0.000897 3.70E-05
323.15 120300 0.00101 4.10E-05
323.15 120300 0.00101 4.10E-05
323.15 141500 0.00115 4.70E-05
323.15 141500 0.00115 4.70E-05
323.15 141600 0.00115 4.70E-05
323.15 141600 0.00115 4.70E-05
323.15 160200 0.00128 5.20E-05
323.15 160300 0.00128 5.20E-05
323.15 180700 0.00144 5.80E-05
323.15 180700 0.00144 5.80E-05
323.15 201800 0.00161 6.50E-05
323.15 201800 0.00161 6.50E-05
348.15 20400 0.00038 1.60E-05
348.15 20400 0.000381 1.60E-05
348.15 40800 0.000457 1.90E-05
348.15 40800 0.000457 1.90E-05
348.15 60700 0.000533 2.20E-05
348.15 60700 0.000534 2.20E-05
348.15 80100 0.000614 2.50E-05
348.15 80100 0.000614 2.50E-05
348.15 80100 0.000614 2.50E-05
348.15 80100 0.000614 2.50E-05
348.15 101000 0.000706 2.90E-05
348.15 101000 0.000706 2.90E-05
348.15 120300 0.000794 3.20E-05
348.15 120400 0.000794 3.20E-05
348.15 140100 0.000892 3.60E-05
348.15 140100 0.000892 3.60E-05
348.15 140200 0.000893 3.60E-05
348.15 140200 0.000894 3.70E-05
348.15 140300 0.000892 3.60E-05
348.15 140300 0.000892 3.60E-05
348.15 160700 0.000997 4.10E-05
348.15 160700 0.000997 4.10E-05
348.15 180700 0.00111 4.50E-05
348.15 180800 0.00111 4.50E-05
348.15 201900 0.00123 5.00E-05
348.15 201900 0.00123 5.00E-05
373.15 20600 0.000312 1.30E-05
373.15 20600 0.000312 1.30E-05
373.15 39900 0.000373 1.60E-05
373.15 39900 0.000373 1.60E-05
373.15 60000 0.000437 1.80E-05
373.15 60000 0.000437 1.80E-05
373.15 80200 0.000503 2.10E-05
373.15 80200 0.000504 2.10E-05
373.15 101100 0.000576 2.40E-05
373.15 101100 0.000576 2.40E-05
373.15 120000 0.000645 2.70E-05
373.15 120000 0.000645 2.70E-05
373.15 140900 0.000725 3.00E-05
373.15 140900 0.000726 3.00E-05
373.15 160300 0.000804 3.30E-05
373.15 160300 0.000804 3.30E-05
373.15 180500 0.00089 3.60E-05
373.15 180500 0.00089 3.60E-05
373.15 200900 0.000981 4.00E-05
373.15 200900 0.000981 4.00E-05
398.15 21600 0.000263 1.10E-05
398.15 21600 0.000263 1.10E-05
398.15 21600 0.000263 1.10E-05
398.15 21600 0.000265 1.20E-05
398.15 42000 0.00032 1.40E-05
398.15 79400 0.000426 1.80E-05
398.15 80900 0.000429 1.80E-05
398.15 80900 0.00043 1.80E-05
398.15 81000 0.000429 1.80E-05
398.15 120900 0.00055 2.30E-05
398.15 159500 0.000674 2.80E-05
398.15 160100 0.000677 2.80E-05
398.15 160200 0.000676 2.80E-05
398.15 160200 0.000676 2.80E-05
398.15 192300 0.000785 3.20E-05
398.15 192300 0.000786 3.20E-05
398.15 192300 0.000786 3.20E-05
423.15 21400 0.000226 1.00E-05
423.15 21400 0.000226 1.00E-05
423.15 21400 0.000226 1.00E-05
423.15 21400 0.000226 1.00E-05
423.15 41100 0.000276 1.20E-05
423.15 80400 0.000372 1.60E-05
423.15 80700 0.000372 1.60E-05
423.15 80700 0.000372 1.60E-05
423.15 80700 0.000372 1.60E-05
423.15 121500 0.000476 2.00E-05
423.15 159700 0.000581 2.40E-05
423.15 161300 0.000586 2.40E-05
423.15 161300 0.000587 2.40E-05
423.15 161300 0.000587 2.40E-05
423.15 192400 0.000676 2.80E-05
423.15 192500 0.000676 2.80E-05
423.15 192500 0.000677 2.80E-05
448.15 21000 0.000192 9.00E-06
448.15 21000 0.000192 9.00E-06
448.15 21000 0.000192 9.00E-06
448.15 21000 0.000192 9.00E-06
448.15 41200 0.000239 1.10E-05
448.15 80500 0.000324 1.40E-05
448.15 81300 0.000326 1.40E-05
448.15 81300 0.000326 1.40E-05
448.15 81400 0.000326 1.40E-05
448.15 121500 0.000414 1.70E-05
448.15 159400 0.000504 2.10E-05
448.15 160300 0.000504 2.10E-05
448.15 160300 0.000504 2.10E-05
448.15 160400 0.000504 2.10E-05
448.15 192900 0.000585 2.40E-05
448.15 192900 0.000585 2.40E-05
448.15 193000 0.000585 2.40E-05
473.15 19300 0.000163 8.00E-06
473.15 19300 0.000163 8.00E-06
473.15 19300 0.000163 8.00E-06
473.15 20000 0.000164 8.00E-06
473.15 41100 0.00021 9.00E-06
473.15 81100 0.000289 1.20E-05
473.15 81500 0.000289 1.20E-05
473.15 81500 0.000289 1.20E-05
473.15 81500 0.000289 1.20E-05
473.15 121100 0.000367 1.50E-05
473.15 160700 0.000448 1.90E-05
473.15 161300 0.000448 1.90E-05
473.15 161300 0.000449 1.90E-05
473.15 161400 0.000449 1.90E-05
473.15 193400 0.000516 2.10E-05
473.15 193600 0.000516 2.10E-05
473.15 193700 0.000516 2.10E-05
313.15 150 0.000429 5.00E-06
313.15 6100 0.000454 5.00E-06
333.15 250 0.000347 4.00E-06
333.15 6100 0.000367 4.00E-06
353.15 300 0.00029 3.00E-06
353.15 6100 0.000307 4.00E-06
373.15 350 0.000246 3.00E-06
373.15 6100 0.000261 3.00E-06
393.15 450 0.000223 3.00E-06
393.15 6100 0.000236 3.00E-06
308.72 5000 0.0004786 1.56E-05
308.72 10000 0.0005043 1.65E-05
349.46 5000 0.0003187 1.05E-05
349.46 10000 0.0003364 1.10E-05
394.81 5000 0.0002197 7.30E-06
394.81 10000 0.0002334 7.70E-06
436.86 5000 0.0001672 5.60E-06
436.86 10000 0.0001799 6.00E-06
467.46 5000 0.0001338 4.50E-06
467.46 10000 0.0001458 4.90E-06
323.151 10096 0.00044 1.10E-05
323.151 20701 0.000495 1.20E-05
323.151 30654 0.00053 1.30E-05
323.151 41050 0.000576 1.40E-05
323.151 54543 0.000633 1.60E-05
323.151 68036 0.000693 1.70E-05
348.144 7551 0.0003338 8.70E-06
348.144 13680 0.0003513 8.80E-06
348.144 20500 0.000378 1.00E-05
348.144 27466 0.0004008 9.90E-06
348.144 27469 0.0004 1.00E-05
348.144 34305 0.000424 1.00E-05
348.144 34314 0.000424 1.00E-05
348.144 41226 0.000449 1.10E-05
348.144 41227 0.000449 1.10E-05
348.144 48070 0.000471 1.20E-05
348.144 55000 0.000498 1.20E-05
348.144 55004 0.000499 1.20E-05
348.144 61992 0.000522 1.50E-05
348.144 61994 0.000533 1.50E-05
373.12 6723 0.0002757 6.70E-06
373.12 6724 0.0002758 6.70E-06
373.12 20592 0.0003205 8.00E-06
373.12 20599 0.0003217 7.90E-06
373.12 27397 0.0003429 9.00E-06
373.12 27402 0.0003429 8.90E-06
373.12 34317 0.0003646 8.90E-06
373.12 34324 0.0003649 8.90E-06
373.12 41184 0.000381 1.00E-05
373.12 41207 0.00038 1.00E-05
373.12 41221 0.000384 1.00E-05
373.12 48024 0.000409 1.00E-05
373.12 48032 0.000409 1.00E-05
373.12 54853 0.000433 1.10E-05
373.12 54866 0.000432 1.10E-05
373.12 61686 0.000447 1.10E-05
373.12 61704 0.000449 1.10E-05
423.09 14725 0.000229 1.30E-05
423.09 27159 0.000252 1.60E-05
423.09 40831 0.000287 1.90E-05
423.09 54591 0.000344 2.10E-05
423.09 68420 0.000352 2.90E-05
273.15 10000 0.000793 4.70E-05
273.15 20000 0.000871 5.20E-05
273.15 30000 0.000971 5.80E-05
293.15 10000 0.000596 3.50E-05
293.15 20000 0.000659 3.90E-05
293.15 30000 0.000717 4.30E-05
313.15 10000 0.000483 2.90E-05
313.15 20000 0.000536 3.20E-05
313.15 30000 0.000593 3.50E-05
333.15 10000 0.000388 2.30E-05
333.15 20000 0.000441 2.60E-05
333.15 30000 0.000482 2.90E-05
298.15 20900 0.000631 1.40E-05
298.15 40600 0.000753 1.60E-05
298.15 60900 0.000889 1.90E-05
298.15 80000 0.00104 2.20E-05
298.15 80100 0.00103 2.20E-05
298.15 100300 0.00119 2.50E-05
298.15 120100 0.00136 2.90E-05
298.15 139700 0.001555 3.30E-05
298.15 139900 0.00155 3.30E-05
298.15 159500 0.00175 3.70E-05
298.15 179600 0.00198 4.10E-05
298.15 197200 0.00221 4.60E-05
323.15 20100 0.000477 1.10E-05
323.15 40000 0.00057 1.30E-05
323.15 60600 0.000672 1.50E-05
323.15 80100 0.000778 1.70E-05
323.15 80100 0.000781 1.70E-05
323.15 101000 0.000897 1.90E-05
323.15 120300 0.00101 2.20E-05
323.15 141500 0.00115 2.40E-05
323.15 141600 0.00115 2.40E-05
323.15 160300 0.00128 2.70E-05
323.15 180700 0.00144 3.00E-05
323.15 201800 0.00161 3.40E-05
348.15 20400 0.000381 9.00E-06
348.15 40800 0.000457 1.10E-05
348.15 60700 0.000534 1.20E-05
348.15 80100 0.000614 1.40E-05
348.15 80100 0.000614 1.40E-05
348.15 101000 0.000706 1.50E-05
348.15 120400 0.000794 1.70E-05
348.15 140200 0.000893 1.90E-05
348.15 140300 0.000892 1.90E-05
348.15 160700 0.000997 2.10E-05
348.15 180800 0.00111 2.40E-05
348.15 201900 0.00123 2.60E-05
373.15 20600 0.000312 8.00E-06
373.15 39900 0.000373 9.00E-06
373.15 60000 0.000437 1.00E-05
373.15 80200 0.000503 1.10E-05
373.15 101100 0.000576 1.30E-05
373.15 120000 0.000645 1.40E-05
373.15 140900 0.000726 1.60E-05
373.15 160300 0.000804 1.70E-05
373.15 180500 0.00089 1.90E-05
373.15 200900 0.000981 2.10E-05
398.15 21600 0.000263 7.00E-06
398.15 21600 0.000265 7.00E-06
398.15 42000 0.00032 8.00E-06
398.15 79400 0.000426 1.00E-05
398.15 80900 0.00043 1.00E-05
398.15 120900 0.00055 1.20E-05
398.15 159500 0.000674 1.50E-05
398.15 160200 0.000676 1.50E-05
398.15 192300 0.000786 1.70E-05
423.15 21400 0.000226 6.00E-06
423.15 21400 0.000226 6.00E-06
423.15 41100 0.000276 7.00E-06
423.15 80400 0.000372 9.00E-06
423.15 80700 0.000372 9.00E-06
423.15 121500 0.000476 1.10E-05
423.15 159700 0.000581 1.30E-05
423.15 161300 0.000587 1.30E-05
423.15 192500 0.000676 1.50E-05
448.15 21000 0.000192 6.00E-06
448.15 21000 0.000192 6.00E-06
448.15 41200 0.000239 7.00E-06
448.15 80500 0.000324 8.00E-06
448.15 81400 0.000326 8.00E-06
448.15 121500 0.000414 1.00E-05
448.15 159400 0.000504 1.10E-05
448.15 160300 0.000504 1.10E-05
448.15 193000 0.000585 1.30E-05
473.15 19300 0.000163 5.00E-06
473.15 20000 0.000164 5.00E-06
473.15 41100 0.00021 6.00E-06
473.15 81100 0.000289 7.00E-06
473.15 81500 0.000289 7.00E-06
473.15 121100 0.000367 9.00E-06
473.15 160700 0.000448 1.00E-05
473.15 161300 0.000449 1.00E-05
473.15 193400 0.000516 1.20E-05
323.2 180 0.000391 9.00E-06
323.2 2280 0.000382 9.00E-06
323.2 5120 0.000414 1.00E-05
323.2 10380 0.00043 1.00E-05
303.2 3100 0.0004911 2.84E-05
313.3 3100 0.0004414 2.59E-05
323.2 3100 0.0003967 2.35E-05
333.2 3100 0.0003632 2.17E-05
343.2 3100 0.0003352 2.03E-05
353.1 3100 0.0003012 1.86E-05
363.2 3100 0.0002766 1.73E-05
373.3 3100 0.0002545 1.63E-05
383 3100 0.0002341 1.52E-05
393.1 3100 0.0002208 1.46E-05
403.2 3100 0.0002021 1.37E-05
413.2 3100 0.0001924 1.33E-05
423.2 3100 0.0001762 1.26E-05
433.1 3100 0.0001642 1.20E-05
443.2 3100 0.0001527 1.15E-05
453.1 3100 0.0001416 1.11E-05
463.2 3100 0.0001322 1.07E-05
473.1 3100 0.0001228 1.03E-05
483.1 3100 0.0001139 9.90E-06
493.1 3100 0.0001069 9.70E-06
503 3100 9.95E-05 9.40E-06
304.1 11100 0.000545 6.00E-06
304.1 23500 0.000615 7.00E-06
304.1 36700 0.000678 8.00E-06
304.1 57200 0.000798 9.00E-06
304.1 83100 0.000965 1.10E-05
304.1 106000 0.001127 1.30E-05
304.1 127600 0.001287 1.50E-05
304.1 156500 0.001543 1.80E-05
304.1 182400 0.001801 2.10E-05
304.1 208000 0.002073 2.40E-05
304.1 237000 0.002401 2.80E-05
326 9100 0.000424 5.00E-06
326 9700 0.000429 5.00E-06
326 23000 0.000488 6.00E-06
326 37400 0.000552 6.00E-06
326 56400 0.00064 7.00E-06
326 84000 0.000781 9.00E-06
326 126200 0.001033 1.20E-05
326 150900 0.001174 1.30E-05
326 180700 0.001376 1.60E-05
326 209800 0.001598 1.90E-05
326 237300 0.001819 2.10E-05
428.7 7800 0.000188 2.00E-06
428.7 10800 0.000196 2.00E-06
428.7 10900 0.000196 2.00E-06
428.7 21800 0.000224 3.00E-06
428.7 36000 0.000257 3.00E-06
428.7 50400 0.000291 3.00E-06
428.7 71300 0.000341 4.00E-06
428.7 99000 0.00041 5.00E-06
428.7 126800 0.000472 5.00E-06
428.7 140600 0.00051 6.00E-06
428.7 154900 0.000542 6.00E-06
428.7 182900 0.00061 7.00E-06
428.7 210700 0.000686 8.00E-06
428.7 221500 0.000702 8.00E-06
428.7 239300 0.000757 1.00E-05
523.2 22500 0.000136 2.00E-06
523.2 35500 0.00016 2.00E-06
523.2 60100 0.000203 2.00E-06
523.2 70300 0.000221 3.00E-06
523.2 86600 0.000244 3.00E-06
523.2 115000 0.000288 3.00E-06
523.2 126600 0.000306 4.00E-06
523.2 140900 0.000329 4.00E-06
523.2 153900 0.000352 4.00E-06
523.2 170200 0.000372 4.00E-06
523.2 189900 0.0004 5.00E-06
523.2 202600 0.00042 5.00E-06
523.2 223300 0.000452 5.00E-06
523.2 242200 0.000477 5.00E-06
303.2 3100 0.0004913 5.80E-06
313.3 3100 0.0004426 5.70E-06
323.2 3100 0.0003961 5.30E-06
333.2 3100 0.0003634 5.10E-06
343.2 3100 0.0003311 5.00E-06
353.1 3100 0.0003013 4.80E-06
363.2 3100 0.0002765 4.70E-06
373.3 3100 0.000254 4.60E-06
383 3100 0.000234 4.50E-06
393.1 3100 0.0002205 4.50E-06
403.2 3100 0.0002019 4.40E-06
413.2 3100 0.0001905 4.40E-06
423.2 3100 0.0001761 4.40E-06
433.1 3100 0.0001643 4.30E-06
443.2 3100 0.0001526 4.30E-06
453.1 3100 0.0001417 4.30E-06
463.2 3100 0.0001321 4.30E-06
473.1 3100 0.0001228 4.20E-06
483.1 3100 0.0001138 4.20E-06
493.1 3100 0.0001068 4.20E-06
503 3100 9.93E-05 4.20E-06
513.2 3100 9.01E-05 4.20E-06
523.3 3100 8.25E-05 4.20E-06
533.4 3100 7.53E-05 4.10E-06
543.4 3100 6.78E-05 4.10E-06
553.4 3100 6.07E-05 4.10E-06
563.3 3100 5.32E-05 4.10E-06
303.2 3100 0.0004948 4.80E-06
313.3 3100 0.0004431 4.60E-06
323.2 3100 0.0003979 4.20E-06
333.2 3100 0.0003617 3.80E-06
343.2 3100 0.0003308 3.60E-06
353.1 3100 0.0003032 3.50E-06
363.2 3100 0.0002775 3.30E-06
373.3 3100 0.000258 3.20E-06
383 3100 0.0002379 3.10E-06
393.1 3100 0.0002202 3.00E-06
403.2 3100 0.000204 2.90E-06
413.2 3100 0.0001902 2.80E-06
423.2 3100 0.0001775 2.80E-06
433.1 3100 0.0001642 2.70E-06
443.2 3100 0.0001514 2.60E-06
453.1 3100 0.0001428 2.60E-06
463.2 3100 0.0001318 2.60E-06
473.1 3100 0.0001241 2.50E-06
483.1 3100 0.0001152 2.50E-06
493.1 3100 0.0001072 2.50E-06
503 3100 9.83E-05 2.50E-06
513.2 3100 9.04E-05 2.40E-06
523.3 3100 8.26E-05 2.40E-06
533.4 3100 7.51E-05 2.40E-06
543.4 3100 6.78E-05 2.40E-06
553.4 3100 6.09E-05 2.40E-06
563.3 3100 5.34E-05 2.40E-06
273.4 0.397646 0.0007 7.80E-06
285.323 0.874062 0.000594 6.85E-06
296.057 1.66352 0.00052 6.18E-06
306.093 2.88971 0.000463 5.67E-06
317.019 5.02355 0.000411 5.20E-06
327.856 8.31792 0.000367 4.80E-06
339.584 13.7383 0.000328 4.45E-06
350.943 21.4865 0.000296 4.16E-06
361.453 31.5296 0.000269 3.92E-06
371.644 44.6028 0.000247 3.72E-06
382.196 62.3977 0.000227 3.54E-06
395.198 91.6288 0.000204 3.34E-06
273.4 0.397646 0.000702 7.82E-06
285.323 0.874062 0.000596 6.86E-06
296.057 1.66352 0.000521 6.19E-06
306.093 2.88971 0.000464 5.67E-06
317.019 5.02355 0.000412 5.21E-06
327.856 8.31792 0.000368 4.81E-06
339.584 13.7383 0.000328 4.45E-06
350.943 21.4865 0.000296 4.16E-06
361.453 31.5296 0.000269 3.92E-06
371.644 44.6028 0.000247 3.72E-06
382.196 62.3977 0.000227 3.54E-06
395.198 91.6288 0.000204 3.33E-06
273.38 0.397093 0.0007 
285.323 0.874062 0.000594 
296.057 1.66352 0.00052 
306.103 2.89124 0.000463 
327.856 8.31792 0.000367 
339.584 13.7383 0.000328 
350.943 21.4865 0.000296 
361.453 31.5296 0.000269 
371.644 44.6028 0.000247 
382.196 62.3977 0.000227 
395.198 91.6288 0.000204 
273.1 0.389427 0.000703 1.90E-05
283.094 0.759039 0.0006125 1.63E-05
293.138 1.40442 0.000538 1.40E-05
303.134 2.46696 0.0004785 1.28E-05
313.13 4.14839 0.000428 1.10E-05
323.127 6.70905 0.0003855 1.04E-05
333.124 10.4767 0.0003495 9.40E-06
343.124 15.8543 0.000318 9.00E-06
353.123 23.3186 0.0002905 7.90E-06
363.123 33.4278 0.000266 7.00E-06
373.074 46.7421 0.0002445 6.70E-06
383.126 64.2035 0.0002255 6.20E-06
393.127 86.3657 0.0002075 5.70E-06
288.141 1.04084 0.000579 2.00E-06
303.134 2.46696 0.000472 2.00E-06
273.15 0.390786 0.000706 6.65E-06
283.144 0.761467 0.0006159 5.93E-06
293.138 1.40442 0.0005419 5.33E-06
303.134 2.46696 0.0004828 4.86E-06
313.13 4.14839 0.0004328 4.46E-06
333.124 10.4767 0.0003551 3.84E-06
343.124 15.8543 0.0003241 3.59E-06
353.123 23.3186 0.0002971 3.38E-06
363.123 33.4278 0.000273 3.18E-06
373.124 46.8183 0.000253 3.02E-06
383.126 64.2035 0.0002335 2.87E-06
393.127 86.3657 0.000216 2.73E-06
298.136 1.87212 0.0005083 5.30E-06
273.1 0.389427 0.000707915 1.80E-05
293.138 1.40442 0.000541749 1.41E-05
313.13 4.14839 0.000429697 1.10E-05
273.15 0.390786 0.000707876 2.87E-06
293.138 1.40442 0.000541749 2.11E-06
313.13 4.14839 0.000429697 1.72E-06
219.191 0.0028718 0.00206 3.20E-05
221.19 0.00362761 0.00196 3.00E-05
223.188 0.00455976 0.00185 3.00E-05
233.182 0.0133512 0.00145 2.50E-05
253.166 0.08479 0.000971 2.00E-05
273.15 0.390786 0.000703 1.20E-05
293.138 1.40442 0.000539 9.00E-06
293.138 1.40442 0.000545965 1.48E-05
313.13 4.14839 0.000433129 1.17E-05
333.124 10.4767 0.000350996 9.38E-06
353.123 23.3186 0.000291155 7.83E-06
263.158 0.188527 0.0008314 1.70E-06
293.138 1.40442 0.0005479 1.10E-06
323.127 6.70905 0.0003928 1.20E-06
372.624 46.0602 0.0002563 1.30E-06
223.188 0.00455976 0.001848 4.90E-05
233.182 0.0133512 0.00143 3.80E-05
243.174 0.0352121 0.001157 3.10E-05
253.166 0.08479 0.000969 2.60E-05
263.158 0.188527 0.000825 2.20E-05
363.123 33.4278 0.000280181 1.74E-05
383.126 64.2035 0.00023418 1.50E-05
403.13 114.169 0.000195577 1.28E-05
293.138 1.40442 0.000539 1.40E-05
313.13 4.14839 0.000429 1.10E-05
333.124 10.4767 0.000348 9.00E-06
416.299 160.933 0.000186 1.90E-05
448.254 336.006 0.000158 1.60E-05
313.13 4.14839 0.000414 1.60E-05
433.138 240.933 0.000133 7.00E-06
453.145 372.173 0.000118 6.00E-06
473.153 551.796 0.000102 6.00E-06
493.161 790.443 8.60E-05 5.00E-06
513.168 1100.31 7.20E-05 5.00E-06
303.134 2.46696 0.000486513 9.81E-05
328.125 8.41869 0.000374013 7.54E-05
348.123 19.2926 0.000313413 6.32E-05
368.123 39.6703 0.000265813 5.36E-05
273 0.386721 0.000714 1.90E-05
292.988 1.39211 0.000546 1.50E-05
312.98 4.11741 0.000435 1.20E-05
332.974 10.4094 0.000356 1.00E-05
352.973 23.1885 0.000298 8.00E-06
372.974 46.5899 0.000255 7.00E-06
273.1 0.389427 0.000712 2.00E-05
303.143 2.46817 0.000487 1.43E-05
333.134 10.4813 0.000359 1.05E-05
293.145 1.40503 0.000537 3.00E-06
298.144 1.873 0.000506 3.00E-06
303.143 2.46817 0.000478 2.00E-06
313.14 4.15048 0.000428 2.00E-06
293.145 1.40503 0.000546 1.40E-05
312.99 4.11948 0.000446 2.59E-05
323.087 6.69666 0.0004047 2.35E-05
333.084 10.4589 0.0003674 2.14E-05
343.082 15.8278 0.0003312 1.93E-05
353.279 23.4544 0.0003013 1.75E-05
363.476 33.841 0.0002758 1.61E-05
292.995 1.3927 0.000541 4.00E-06
283.148 0.761664 0.0006146 7.80E-06
288.147 1.04119 0.0005764 7.40E-06
298.184 1.87723 0.000507 6.50E-06
313.22 4.16709 0.0004307 5.60E-06
333.344 10.5762 0.0003505 4.60E-06
353.269 23.4457 0.0002913 3.90E-06
373.254 47.0176 0.0002459 3.40E-06
393.17 86.4735 0.0002113 2.90E-06
298.224 1.88146 0.000509 2.10E-05
323.237 6.74328 0.000387 1.60E-05
348.271 19.4023 0.000304 1.20E-05
373.094 46.7732 0.000246 1.00E-05
298.144 1.873 0.0005094 2.06E-05
303.143 2.46817 0.0004806 1.94E-05
323.137 6.71217 0.0003862 1.56E-05
348.131 19.2978 0.0003024 1.22E-05
298.144 1.873 0.0005194 4.80E-06
298.144 1.873 0.0005184 4.80E-06
303.143 2.46817 0.0004715 1.22E-05
303.153 2.46951 0.00048433 5.13E-06
303.153 2.46951 0.00048433 6.24E-06
308.152 3.21885 0.00045677 4.90E-06
308.152 3.21885 0.00045677 5.90E-06
318.149 5.30512 0.0004138 5.40E-06
328.146 8.42621 0.0003706 4.90E-06
293.725 1.45356 0.0005373 5.70E-06
313.25 4.17334 0.00043 5.30E-06
333.204 10.5129 0.0003509 5.00E-06
352.289 22.6034 0.0002944 4.80E-06
369.895 42.0944 0.0002526 4.70E-06
293.15 1.40541 0.000540828 4.71E-06
298.15 1.8736 0.000509847 4.47E-06
298.15 1.8736 0.000506564 1.31E-05
298.1 1.86833 0.000515 7.00E-06
323.1 6.70067 0.000388 6.00E-06
293.15 1.40541 0.000540828 4.57E-06
303.15 2.4691 0.0004808 7.30E-06
303.15 2.4691 0.000483 5.60E-06
313.15 4.15254 0.0004201 5.30E-06
298.15 1.8736 0.000506 1.40E-05
303.15 2.4691 0.000477 1.40E-05
308.15 3.21859 0.00045 1.30E-05
313.15 4.15254 0.000425 1.20E-05
318.15 5.30548 0.000403 1.20E-05
298.15 1.8736 0.000509218 4.19E-06
298.15 1.8736 0.00051 1.40E-05
303.15 2.4691 0.000479 1.40E-05
308.15 3.21859 0.000453 1.30E-05
313.15 4.15254 0.000426 1.20E-05
298.15 1.8736 0.0005094 7.30E-06
293.15 1.40541 0.0005425 1.51E-05
298.15 1.8736 0.0005103 1.44E-05
303.15 2.4691 0.000481 1.38E-05
308.15 3.21859 0.0004541 1.32E-05
313.15 4.15254 0.0004295 1.26E-05
298.15 1.8736 0.000506 4.00E-06
298.15 1.8736 0.000505 4.00E-06
303.15 2.4691 0.000479 4.00E-06
308.15 3.21859 0.00045 4.00E-06
298.15 1.8736 0.000509 1.10E-05
303.15 2.4691 0.000478 1.10E-05
308.15 3.21859 0.000453 1.10E-05
323.15 6.71619 0.0003875 4.40E-06
298.15 1.8736 0.000512781 9.08E-06
298.15 1.8736 0.000522 7.00E-06
293.15 1.40541 0.000542 9.00E-06
293.15 1.40541 0.000537 1.00E-05
298.15 1.8736 0.000499 9.00E-06
303.15 2.4691 0.000476 9.00E-06
308.15 3.21859 0.000453 9.00E-06
293.15 1.40541 0.000543428 6.89E-06
298.15 1.8736 0.000510615 6.43E-06
308.15 3.21859 0.000454549 5.80E-06
313.15 4.15254 0.000429549 5.49E-06
298.15 1.8736 0.000508 4.00E-06
303.15 2.4691 0.000479 4.00E-06
308.15 3.21859 0.000453 4.00E-06
297.95 1.85259 0.0005195 5.30E-06
313.05 4.13184 0.0004377 4.60E-06
328.05 8.3904 0.0003744 4.00E-06
343.15 15.8708 0.0003171 3.50E-06
358.25 28.133 0.0002769 3.10E-06
373.35 47.1643 0.0002486 2.90E-06
298.15 1.8736 0.00051348 2.58E-05
323.15 6.71619 0.000379768 1.90E-05
293.15 1.40541 0.000543428 4.57E-06
298.15 1.8736 0.000510615 4.33E-06
293.15 1.40541 0.000543568 5.27E-06
298.15 1.8736 0.000511314 4.96E-06
283.15 0.761759 0.000613 4.00E-06
293.15 1.40541 0.000541 4.00E-06
303.15 2.4691 0.000481 3.00E-06
313.15 4.15254 0.000431 3.00E-06
298.15 1.8736 0.000503 8.00E-06
303.15 2.4691 0.000472 8.00E-06
308.15 3.21859 0.000445 7.00E-06
283.15 0.761759 0.000614025 4.97E-06
293.15 1.40541 0.000541742 4.22E-06
298.15 1.8736 0.000507891 4.19E-06
303.15 2.4691 0.000483413 4.17E-06
313.15 4.15254 0.000430373 3.43E-06
278.15 0.549599 0.00067 2.00E-06
288.15 1.04141 0.000588 2.00E-06
298.15 1.8736 0.000518 1.00E-06
308.15 3.21859 0.000471 1.00E-06
318.15 5.30548 0.000423 1.00E-06
293.15 1.40541 0.000538 8.00E-06
298.15 1.8736 0.000507 7.00E-06
303.15 2.4691 0.000477 7.00E-06
298.15 1.8736 0.000518 7.00E-06
303.15 2.4691 0.000483 3.70E-06
283.15 0.761759 0.000614 8.00E-06
293.15 1.40541 0.000542 7.00E-06
298.15 1.8736 0.000508 7.00E-06
303.15 2.4691 0.000483 7.00E-06
313.15 4.15254 0.00043 6.00E-06
298.15 1.8736 0.00051 2.10E-05
298.15 1.8736 0.00051 2.10E-05
323.15 6.71619 0.000387 1.60E-05
323.15 6.71619 0.000387 1.60E-05
323.15 6.71619 0.000387 1.60E-05
323.15 6.71619 0.000387 1.60E-05
323.15 6.71619 0.000387 1.60E-05
323.15 6.71619 0.000387 1.60E-05
348.15 19.3123 0.000304 1.30E-05
348.15 19.3123 0.000304 1.30E-05
348.15 19.3123 0.000304 1.30E-05
348.15 19.3123 0.000304 1.30E-05
373.15 46.858 0.000245 1.10E-05
373.15 46.858 0.000245 1.10E-05
293.15 1.40541 0.000538 1.50E-05
298.15 1.8736 0.000506 1.40E-05
303.15 2.4691 0.000478 1.40E-05
293.15 1.40541 0.000538 1.00E-05
298.15 1.8736 0.000506 9.00E-06
303.15 2.4691 0.000478 9.00E-06
293 1.39308 0.00053059 7.52E-05
298.15 1.8736 0.000517 7.00E-06
303.15 2.4691 0.000484 6.00E-06
323.15 6.71619 0.000386 6.00E-06
298.15 1.8736 0.0005206 1.46E-05
303.15 2.4691 0.0004837 1.39E-05
313.15 4.15254 0.0004306 1.29E-05
323.15 6.71619 0.0003864 1.22E-05
333.15 10.4884 0.0003495 1.15E-05
343.15 15.8708 0.0003139 1.09E-05
353.15 23.342 0.000284 1.04E-05
293.15 1.40541 0.0005464 1.01E-05
298.15 1.8736 0.0005123 9.60E-06
303.15 2.4691 0.000483 9.10E-06
298.15 1.8736 0.000501 5.00E-06
293.15 1.40541 0.000534 1.50E-05
298.15 1.8736 0.000501 1.40E-05
303.15 2.4691 0.000472 1.40E-05
313.15 4.15254 0.000422 1.30E-05
323.15 6.71619 0.00038 1.20E-05
333.15 10.4884 0.000343 1.10E-05
343.15 15.8708 0.000314 1.10E-05
353.15 23.342 0.000287 1.00E-05
363.15 33.4592 0.000261 1.00E-05
298.24 1.88312 0.000508 1.70E-05
323.93 6.96224 0.0003829 1.25E-05
348.64 19.6801 0.0003034 1.00E-05
308.15 3.21859 0.000454549 6.15E-06
313.15 4.15254 0.000431196 5.90E-06
298.15 1.8736 0.000514 9.00E-06
303.15 2.4691 0.000482 9.00E-06
308.15 3.21859 0.000456 8.00E-06
323.151 6.7165 0.0003892 9.50E-06
348.144 19.3079 0.0003011 8.10E-06
293.15 1.40541 0.0005412 4.80E-06
298.15 1.8736 0.0005153 4.60E-06
303.15 2.4691 0.0004814 4.40E-06
273.15 0.390786 0.000705 4.20E-05
293.15 1.40541 0.000544 3.20E-05
313.15 4.15254 0.000429 2.60E-05
333.15 10.4884 0.000351 2.10E-05
303.15 2.4691 0.000477 5.00E-06
298.15 1.8736 0.000518 1.30E-05
273.15 0.390786 0.000718 9.00E-06
278.15 0.549599 0.000671 9.00E-06
283.15 0.761759 0.000623 9.00E-06
288.15 1.04141 0.000584 9.00E-06
293.15 1.40541 0.000545 9.00E-06
298.15 1.8736 0.000514 9.00E-06
303.15 2.4691 0.000486 9.00E-06
308.15 3.21859 0.000459 9.00E-06
313.15 4.15254 0.000434 9.00E-06
318.15 5.30548 0.000415 9.00E-06
323.15 6.71619 0.000394 9.00E-06
328.15 8.42789 0.000375 9.00E-06
333.15 10.4884 0.000357 8.00E-06
303.15 2.4691 0.000477 3.00E-06
298.15 1.8736 0.000518 9.00E-06
298.15 1.8736 0.000518 7.00E-06
298.15 1.8736 0.000518 5.00E-06
298.15 1.8736 0.000518 7.00E-06
293.15 1.40541 0.0005439 1.51E-05
298.15 1.8736 0.0005177 1.46E-05
303.15 2.4691 0.0004795 1.37E-05
313.15 4.15254 0.0004358 1.27E-05
298.15 1.8736 0.00051 1.20E-05
323.15 6.71619 0.000387 9.00E-06
323.15 6.71619 0.000387 9.00E-06
348.15 19.3123 0.000304 8.00E-06
348.15 19.3123 0.000304 8.00E-06
373.15 46.858 0.000245 7.00E-06
293.15 1.40541 0.0005374 2.25E-05
298.15 1.8736 0.0005087 2.21E-05
303.15 2.4691 0.000491 1.80E-05
308.15 3.21859 0.00045 1.70E-05
313.15 4.15254 0.000415 1.60E-05
298.15 1.8736 0.0005177 5.30E-06
303.15 2.4691 0.0004918 8.10E-06
293.15 1.40541 0.000556 7.00E-06
298.15 1.8736 0.000529 6.00E-06
303.15 2.4691 0.000501 6.00E-06
303.15 2.4691 0.000491 1.00E-05
308.15 3.21859 0.00045 1.00E-05
313.15 4.15254 0.000415 9.00E-06
293.15 1.40541 0.000545 9.00E-06
298.15 1.8736 0.000513 9.00E-06
303.15 2.4691 0.000485 9.00E-06
308.15 3.21859 0.000459 9.00E-06
313.15 4.15254 0.000433 9.00E-06
318.15 5.30548 0.000412 8.00E-06
323.15 6.71619 0.000392 8.00E-06
283.15 0.761759 0.000613 1.30E-05
293.15 1.40541 0.000541 1.20E-05
298.15 1.8736 0.00051 1.10E-05
303.15 2.4691 0.000481 1.00E-05
293.15 1.40541 0.000546 1.10E-05
298.15 1.8736 0.000521 1.10E-05
303.15 2.4691 0.00049 1.10E-05
308.15 3.21859 0.000467 1.10E-05
313.15 4.15254 0.000442 1.10E-05
293.15 1.40541 0.0005428 1.17E-05
298.15 1.8736 0.0005186 1.12E-05
303.15 2.4691 0.0004842 1.05E-05
308.15 3.21859 0.0004641 1.00E-05
293.15 1.40541 0.000547 1.20E-05
298.15 1.8736 0.000517 1.10E-05
303.15 2.4691 0.000491 1.10E-05
308.15 3.21859 0.000468 1.00E-05
313.15 4.15254 0.000447 1.00E-05
308.15 3.21859 0.000444 1.30E-05
313.15 4.15254 0.000424 1.30E-05
318.15 5.30548 0.000402 1.30E-05
288.15 1.04141 0.000585 5.90E-05
293.15 1.40541 0.000552 5.50E-05
298.15 1.8736 0.000523 5.20E-05
303.15 2.4691 0.000496 5.00E-05
308.15 3.21859 0.000473 4.70E-05
313.15 4.15254 0.00045 4.50E-05
318.15 5.30548 0.000431 4.30E-05
323.15 6.71619 0.000412 4.10E-05
540 1654.35 7.34E-05 6.31E-05
550 1910.35 6.95E-05 6.18E-05
560 2199.31 6.60E-05 6.07E-05
