T (K) P (kPa) Viscosity (Pa*s) Uncertainty (Pa*s)
310.909 1378.95 0.0001486 2.50E-06
310.909 2757.9 0.0001506 1.50E-06
310.909 4136.85 0.000153 1.60E-06
310.909 6894.76 0.0001565 1.80E-06
310.909 10342.1 0.0001607 2.00E-06
310.909 13789.5 0.0001637 0.00023
327.57 1378.95 0.0001248 2.40E-06
327.57 2757.9 0.0001272 2.40E-06
327.57 4136.85 0.0001295 2.50E-06
327.57 6894.76 0.0001332 2.70E-06
327.57 10342.1 0.000137 3.00E-06
327.57 13789.5 0.0001398 3.10E-06
344.235 1378.95 0.0001034 2.20E-06
344.235 2757.9 0.0001058 2.20E-06
344.235 4136.85 0.0001081 2.40E-06
344.235 6894.76 0.000112 2.70E-06
344.235 10342.1 0.0001165 3.00E-06
344.235 13789.5 0.000119 3.20E-06
360.901 2757.9 8.62E-05 2.10E-06
360.901 4136.85 8.87E-05 2.30E-06
360.901 6894.76 9.30E-05 2.50E-06
360.901 10342.1 9.70E-05 2.70E-06
360.901 13789.5 0.0001009 2.80E-06
120.013 3282.4 0.0064713 0.000267
120.013 7548.4 0.0069082 0.000282
120.013 10437.5 0.0071982 0.000291
120.013 13187.9 0.0073712 0.000304
120.013 16865.8 0.0075163 0.00031
120.013 20268.3 0.0079253 0.000325
120.013 23961.2 0.0082696 0.000341
120.013 27040.4 0.0086042 0.000353
120.013 30230 0.0087721 0.000361
120.013 33140.9 0.0093029 0.000383
125.013 2855.9 0.0048009 0.000194
125.013 6443 0.0051383 0.000209
125.013 9841.5 0.0053663 0.000217
125.013 13195.2 0.0055536 0.000234
125.013 16976.5 0.0057426 0.000234
125.013 20385.6 0.0060789 0.000247
125.013 23996.1 0.0062446 0.000254
125.013 27184 0.0065621 0.000267
125.013 30242.9 0.006803 0.000283
125.013 33432.1 0.007088 0.000297
130.014 2730.3 0.0040287 0.000164
130.014 7747.9 0.0042147 0.000174
130.014 11876.3 0.0043595 0.000178
130.014 15409.7 0.0045142 0.000184
130.014 19008.2 0.0047086 0.000191
130.014 22432.4 0.004849 0.000197
130.014 25855.6 0.0050496 0.000205
130.014 29183.5 0.0052397 0.000213
130.014 32324.5 0.0053584 0.000218
135.014 2965.8 0.0031371 0.000127
135.014 7220.1 0.0033521 0.000141
135.014 11907.5 0.0035239 0.000143
135.014 15447.5 0.0036712 0.00015
135.014 18987.8 0.0038788 0.000157
135.014 22495.7 0.003994 0.000162
135.014 26004.2 0.0041439 0.000168
135.014 29383.3 0.0043102 0.000175
135.014 32804.2 0.0044044 0.000182
140.014 2235.1 0.0025126 0.000102
140.014 4982.5 0.002597 0.000109
140.014 7527 0.0026404 0.000107
140.014 9748.5 0.0027225 0.000114
140.014 12489.4 0.0028267 0.000117
140.014 15130.8 0.0029666 0.00012
140.014 16988.3 0.0029579 0.000124
140.014 20342 0.0030141 0.000127
140.014 24014 0.0031566 0.000133
140.014 27554.5 0.0032263 0.000132
140.014 31453.5 0.0034829 0.000144
140.014 34484.8 0.0035408 0.000143
150.014 3309.6 0.0018905 7.62E-05
150.014 7393.3 0.0019442 7.91E-05
150.014 7779.2 0.0019061 7.72E-05
150.014 10812 0.0019811 8.44E-05
150.014 11563.4 0.0019722 8.04E-05
150.014 14890.3 0.0021168 8.62E-05
150.014 14987.8 0.0020771 8.46E-05
150.014 18527 0.0021454 8.79E-05
150.014 22643.4 0.0022468 9.28E-05
150.014 25925.8 0.0023416 9.58E-05
150.014 29332.6 0.0024126 9.98E-05
150.014 32367.4 0.0024595 9.94E-05
160.014 1675.2 0.001346 5.51E-05
160.014 7916.3 0.001441 5.80E-05
160.014 11176 0.0014694 5.92E-05
160.014 14837.7 0.0015058 6.14E-05
160.014 18381.8 0.0015842 6.44E-05
160.014 21905.6 0.001656 6.73E-05
160.014 25669.9 0.0016945 6.90E-05
160.014 27127.8 0.0016886 6.92E-05
160.014 30668.2 0.0018022 7.55E-05
160.014 34108.7 0.0018427 7.56E-05
180.012 3399.3 0.0008367 3.39E-05
180.012 7403.7 0.000858 3.46E-05
180.012 10592.2 0.0008843 3.56E-05
180.012 13997.6 0.0009093 3.69E-05
180.012 17658.6 0.0009455 3.83E-05
180.012 21066.6 0.0009799 4.01E-05
180.012 24496 0.001017 4.16E-05
180.012 28043 0.0010642 4.35E-05
180.012 31435.9 0.0010936 4.43E-05
200.011 3068.7 0.0005838 2.34E-05
200.011 7358.2 0.0006014 2.41E-05
200.011 10747.2 0.0006202 2.49E-05
200.011 12689.6 0.0006096 2.44E-05
200.011 14093.4 0.000628 2.52E-05
200.011 16853.6 0.0006436 2.58E-05
200.011 17636.4 0.0006581 2.64E-05
200.011 21349.4 0.0006826 2.74E-05
200.011 24855.2 0.0007111 2.85E-05
200.011 28127.2 0.0007317 2.93E-05
200.011 31268.6 0.0007488 3.00E-05
250.005 3192.5 0.0002799 1.12E-05
250.005 7389.2 0.000295 1.18E-05
250.005 10761.4 0.0003047 1.22E-05
250.005 11683.8 0.0003027 1.21E-05
250.005 14035.8 0.0003168 1.27E-05
250.005 15572.3 0.0003147 1.26E-05
250.005 17517.8 0.0003277 1.31E-05
250.005 19267.5 0.0003278 1.32E-05
250.005 21018 0.0003387 1.36E-05
250.005 24555.2 0.0003497 1.40E-05
250.005 27969.2 0.0003643 1.46E-05
250.005 31682.7 0.0003778 1.52E-05
299.994 414.5 0.0001471 5.90E-06
299.994 806.4 0.0001482 5.90E-06
299.994 4100.1 0.0001559 6.30E-06
299.994 7666.9 0.000166 6.70E-06
299.994 11484.8 0.000175 7.00E-06
299.994 13457.1 0.0001815 7.30E-06
299.994 14659.7 0.0001847 7.40E-06
299.994 14853.3 0.0001818 7.30E-06
299.994 16625.8 0.0001882 7.50E-06
299.994 18214.3 0.0001882 7.50E-06
299.994 21514.5 0.0001977 7.90E-06
299.994 24353.1 0.0002034 8.20E-06
299.994 25176.5 0.0002063 8.30E-06
299.994 28597.5 0.0002156 8.60E-06
299.994 32083.8 0.0002238 9.00E-06
273.15 2000 0.000197 6.00E-06
273.15 10000 0.000217 7.00E-06
273.15 20000 0.000241 7.00E-06
273.15 30000 0.000261 8.00E-06
293.15 2000 0.000162 5.00E-06
293.15 10000 0.000179 5.00E-06
293.15 20000 0.0002 6.00E-06
293.15 30000 0.000219 7.00E-06
313.15 2000 0.000132 4.00E-06
313.15 10000 0.000149 5.00E-06
313.15 20000 0.000167 5.00E-06
313.15 30000 0.000186 6.00E-06
333.15 2000 0.000109 3.00E-06
333.15 10000 0.000126 4.00E-06
333.15 20000 0.000145 4.00E-06
333.15 30000 0.000161 5.00E-06
199.867 3.79574 0.000562 4.50E-06
210.974 8.09909 0.000471 4.30E-06
222.078 15.8371 0.000399 4.00E-06
233.182 28.7787 0.000344 3.50E-06
244.284 49.1398 0.000298 3.20E-06
255.384 79.569 0.000261 3.00E-06
203.195 4.8117 0.00053 2.00E-05
213.196 9.32274 0.000454 1.20E-05
223.188 16.8638 0.000392 1.10E-05
233.182 28.7787 0.000343 9.00E-06
243.174 46.6974 0.000301 8.00E-06
253.166 72.5414 0.000267 7.00E-06
263.158 108.493 0.000238 7.00E-06
273.15 156.967 0.000214 6.00E-06
115.012 3.12E-05 0.0081887 0.000345
115.012 3.12E-05 0.0082241 0.000348
116.012 4.02E-05 0.0076524 0.000317
118.013 6.57E-05 0.006919 0.000284
120.013 0.000105541 0.0063347 0.000261
125.013 0.00032021 0.0046948 0.000195
130.014 0.00088366 0.0037515 0.000154
135.014 0.00224224 0.0029991 0.000123
140.014 0.00528124 0.0024129 9.82E-05
140.014 0.00528124 0.0024473 9.96E-05
145.014 0.0116397 0.0020916 8.48E-05
150.014 0.0241727 0.0017475 7.10E-05
155.014 0.0475902 0.0014805 6.00E-05
160.014 0.089293 0.0012721 5.13E-05
160.014 0.089293 0.0012872 5.19E-05
160.014 0.089293 0.0013015 5.25E-05
170.013 0.277022 0.0009753 3.93E-05
180.012 0.744564 0.0007975 3.21E-05
180.012 0.744564 0.0008035 3.23E-05
180.012 0.744564 0.0008293 3.33E-05
190.012 1.77651 0.0006519 2.62E-05
200.011 3.83556 0.0005315 2.13E-05
200.011 3.83556 0.000539 2.16E-05
220.009 14.0602 0.0003931 1.58E-05
220.009 14.0602 0.0003962 1.59E-05
240.007 40.2568 0.0002987 1.20E-05
240.007 40.2568 0.0003018 1.21E-05
250.005 63.3811 0.0002622 1.05E-05
260.003 95.907 0.0002319 9.30E-06
260.003 95.907 0.0002342 9.40E-06
285.134 235.315 0.000175639 5.44E-06
290.113 275.407 0.000165254 5.10E-06
295.11 320.627 0.000159006 4.94E-06
300.41 374.461 0.000149152 4.60E-06
303.372 407.347 0.000145509 4.52E-06
309.078 476.716 0.000136809 4.24E-06
313.124 530.972 0.000130702 4.04E-06
315.071 558.653 0.000127779 3.97E-06
318.2 605.358 0.000124641 3.88E-06
320.121 635.425 0.000122492 3.81E-06
323.832 696.613 0.000116299 3.61E-06
326.11 736.261 0.000113353 3.54E-06
330.112 809.906 0.000108755 3.40E-06
333.143 869.183 0.000103805 3.22E-06
335.121 909.548 0.000104379 3.25E-06
340.119 1017.67 9.68E-05 3.05E-06
340.15 1018.37 9.70E-05 3.05E-06
345.147 1135.67 9.20E-05 2.85E-06
370 1872.67 6.83E-05 4.77E-05
380 2252.22 6.37E-05 4.59E-05
390 2688.18 5.97E-05 4.45E-05
400 3189.29 5.60E-05 4.33E-05
