T (K) P (kPa) Viscosity (Pa*s) Uncertainty (Pa*s)
303.143 49020 0.000327 8.00E-06
303.143 98040 0.000454 1.10E-05
303.143 147060 0.000593 1.60E-05
303.143 196080 0.000745 2.10E-05
303.143 245100 0.000917 2.50E-05
303.143 294120 0.001109 3.10E-05
323.137 49020 0.000279 7.00E-06
323.137 98040 0.000391 1.00E-05
323.137 147060 0.00051 1.40E-05
323.137 196080 0.000635 1.70E-05
273.48 35.1193 0.0002766 1.20E-05
273.51 35.1645 0.000276 1.20E-05
273.6 35.3004 0.0002784 1.21E-05
278.307 43.0236 0.0002648 1.23E-05
278.757 43.8272 0.000261 1.16E-05
278.827 43.9533 0.0002607 1.13E-05
283.274 52.5859 0.0002491 1.08E-05
283.983 54.0802 0.0002503 1.22E-05
284.063 54.2507 0.0002472 1.10E-05
288.471 64.332 0.0002388 1.17E-05
288.801 65.1423 0.0002356 1.03E-05
289.14 65.9856 0.0002359 1.04E-05
293.018 76.2355 0.0002265 1.00E-05
293.398 77.3034 0.0002279 1.66E-05
296.607 86.8035 0.0002189 9.70E-06
297.026 88.1115 0.0002172 2.09E-05
298.296 92.161 0.0002172 9.50E-06
273.1 34.5509 0.000273 7.00E-06
283.094 52.2123 0.000246 7.00E-06
293.138 76.5714 0.000223 6.00E-06
303.134 108.95 0.000204 6.00E-06
273.15 34.6253 0.000274 2.00E-06
288.141 63.5297 0.000234 2.00E-06
273.1 34.5509 0.000278238 7.04E-06
293.138 76.5714 0.000224972 5.58E-06
273.15 34.6253 0.000278217 1.28E-06
293.138 76.5714 0.000224972 1.05E-06
313.13 151.143 0.000164 8.00E-06
353.123 456.077 0.000109 6.00E-06
373.124 719.311 8.90E-05 5.00E-06
393.127 1080.46 7.30E-05 5.00E-06
413.132 1559.93 6.10E-05 5.00E-06
433.138 2182.33 4.90E-05 4.00E-06
293.145 76.5921 0.000223 6.00E-06
115.002 4.54E-07 0.0294 0.00015
118.003 1.06E-06 0.02162 0.00013
123.003 3.96E-06 0.0138 8.00E-05
128.014 1.33E-05 0.009464 5.00E-05
133.014 4.03E-05 0.006911 3.50E-05
143.024 0.000289232 0.004053 2.00E-05
153.044 0.00157632 0.00268 1.20E-05
163.054 0.00684429 0.0018924 9.00E-06
173.063 0.0246897 0.0014182 7.00E-06
193.082 0.207571 0.0008908 4.00E-06
203.091 0.505793 0.0007349 3.00E-06
213.1 1.12283 0.0006166 2.80E-06
223.109 2.30095 0.0005263 2.50E-06
233.128 4.403 0.0004556 2.20E-06
243.136 7.92873 0.0003996 1.80E-06
253.144 13.5476 0.000353 1.50E-06
263.152 22.1072 0.0003136 1.30E-06
283.168 52.3658 0.0002537 9.00E-07
293.175 76.6763 0.0002295 7.00E-07
253.15 13.5515 0.0003893 7.50E-06
258.15 17.401 0.0003661 7.20E-06
263.15 22.1047 0.0003439 6.90E-06
268.15 27.7974 0.0003201 6.50E-06
273.15 34.6253 0.0003023 6.30E-06
278.15 42.746 0.0002859 6.10E-06
283.15 52.3283 0.0002703 5.80E-06
288.15 63.5515 0.0002547 5.60E-06
293.15 76.6051 0.0002399 5.40E-06
298.15 91.6882 0.0002289 5.20E-06
303.15 109.009 0.0002144 5.00E-06
308.15 128.784 0.0002023 4.90E-06
313.15 151.238 0.000191 4.70E-06
318.15 176.603 0.0001813 4.60E-06
323.15 205.116 0.0001724 4.40E-06
328.15 237.023 0.0001611 4.30E-06
333.15 272.572 0.0001543 4.20E-06
338.15 312.02 0.000148 4.10E-06
343.15 355.626 0.0001411 4.00E-06
348.15 403.655 0.0001332 3.90E-06
353.15 456.375 0.0001287 3.80E-06
460 3311.22 5.52E-05 4.71E-05
