T (K) P (kPa) Viscosity (Pa*s) Uncertainty (Pa*s)
283.14 15000 0.0003708 9.10E-06
283.15 5000 0.0003362 8.50E-06
283.15 10000 0.0003548 8.80E-06
283.15 20000 0.0003883 9.50E-06
283.15 25000 0.0004074 9.90E-06
283.15 30000 0.0004244 1.02E-05
283.16 1000 0.00032 8.20E-06
293.15 15000 0.000339 8.50E-06
293.16 1000 0.0002925 7.60E-06
293.16 5000 0.0003061 7.90E-06
293.16 10000 0.0003212 8.20E-06
293.16 20000 0.0003547 8.80E-06
293.16 25000 0.0003707 9.10E-06
293.17 30000 0.0003863 9.40E-06
303.15 1000 0.0002668 7.10E-06
303.15 5000 0.000279 7.40E-06
303.16 20000 0.0003236 8.20E-06
303.17 10000 0.0002925 7.60E-06
303.17 15000 0.000307 7.90E-06
303.17 25000 0.0003389 8.50E-06
303.17 30000 0.0003525 8.80E-06
313.15 10000 0.0002682 7.20E-06
313.15 15000 0.0002829 7.40E-06
313.15 20000 0.0002966 7.70E-06
313.15 25000 0.0003106 8.00E-06
313.15 30000 0.0003241 8.20E-06
313.16 1000 0.0002435 6.70E-06
313.17 5000 0.0002545 6.90E-06
323.16 1000 0.0002231 6.40E-06
323.16 5000 0.0002327 6.50E-06
323.17 10000 0.0002468 6.80E-06
323.17 15000 0.0002594 7.00E-06
323.17 20000 0.0002734 7.30E-06
323.17 25000 0.0002866 7.50E-06
323.17 30000 0.0002999 7.80E-06
333.15 1000 0.0002046 6.00E-06
333.15 5000 0.0002142 6.20E-06
333.15 10000 0.0002278 6.40E-06
333.15 15000 0.0002402 6.70E-06
333.15 20000 0.0002532 6.90E-06
333.15 25000 0.0002656 7.10E-06
333.15 30000 0.0002785 7.40E-06
343.16 1000 0.0001901 5.80E-06
343.16 5000 0.0001986 5.90E-06
343.16 30000 0.0002615 7.10E-06
343.17 10000 0.0002106 6.10E-06
343.17 15000 0.0002245 6.40E-06
343.17 20000 0.0002367 6.60E-06
343.17 25000 0.0002511 6.90E-06
273.76 9.26425 0.0003688 0.00E+00
278.737 11.8518 0.0003487 0.00E+00
283.394 14.7863 0.0003316 0.00E+00
288.401 18.5808 0.0003147 0.00E+00
293.648 23.3746 0.0002987 0.00E+00
298.646 28.8308 0.0002841 0.00E+00
305.103 37.3576 0.000267 0.00E+00
309.761 44.682 0.000255 0.00E+00
314.2 52.6871 0.000245 0.00E+00
318.508 61.5115 0.0002355 0.00E+00
324.297 75.1664 0.0002235 0.00E+00
328.555 86.6576 0.0002151 0.00E+00
273.1 8.95953 0.000371 1.00E-05
283.094 14.581 0.0003325 9.00E-06
293.138 22.8688 0.0003 8.00E-06
303.134 34.5671 0.0002725 7.40E-06
313.13 50.6608 0.000247 7.00E-06
323.127 72.2308 0.0002255 6.20E-06
333.124 100.473 0.000208 6.00E-06
273.15 8.98232 0.000371 3.00E-06
288.141 18.3661 0.000324 3.00E-06
293.138 22.8688 0.00031 2.80E-06
298.136 28.2311 0.000295 2.70E-06
303.134 34.5671 0.000279 2.60E-06
273.15 8.98232 0.000351179 1.34E-06
293.138 22.8688 0.000285445 1.05E-06
313.13 50.6608 0.000235996 9.52E-07
293.138 22.8688 0.000286752 3.27E-06
257.513 3.82965 0.000423512 6.17E-07
263.405 5.35543 0.000393521 5.44E-07
272.98 8.90501 0.000353476 5.37E-07
283.096 14.5824 0.000317635 5.30E-07
293.321 23.0497 0.000286808 5.22E-07
298.227 28.3378 0.000273587 6.48E-07
324.018 74.4581 0.000216861 7.49E-07
333.704 102.344 0.000199468 8.60E-07
293.145 22.8761 0.0003 8.00E-06
298.15 28.2474 0.000269856 7.00E-06
298 28.0728 0.0002753 4.80E-06
298.15 28.2474 0.0002767 3.00E-06
360 219.932 0.0001541 9.66E-05
370 284.852 0.0001399 8.86E-05
380 363.379 0.0001277 8.19E-05
390 457.227 0.0001171 7.63E-05
400 568.185 0.0001078 7.16E-05
410 698.129 9.97E-05 6.77E-05
420 849.034 9.25E-05 6.43E-05
430 1023 8.61E-05 6.15E-05
440 1222.28 8.05E-05 5.91E-05
450 1449.36 7.54E-05 5.70E-05
460 1707.04 7.09E-05 5.53E-05
470 1998.6 6.68E-05 5.39E-05
480 2328.11 6.31E-05 5.27E-05
490 2701.23 5.97E-05 5.17E-05
