T (K) P (kPa) Viscosity (Pa*s) Uncertainty (Pa*s)
304.034 50013.9 0.0004847 3.71E-06
304.234 31381.3 0.0003817 3.09E-06
304.334 16181 0.0003112 2.67E-06
304.633 4413 0.0002488 2.29E-06
323.727 40207.3 0.0003365 2.82E-06
323.927 17652 0.0002475 2.28E-06
323.927 79433.9 0.000533 4.00E-06
324.127 59820.6 0.0004278 3.37E-06
373.724 11277.6 0.0001362 1.62E-06
373.724 51484.9 0.0002482 2.29E-06
373.824 32361.9 0.0001929 1.96E-06
373.924 74530.5 0.0003152 2.69E-06
373.924 99047.2 0.0003835 3.10E-06
422.134 25007 0.0001248 1.55E-06
422.134 41678.3 0.0001592 1.75E-06
422.134 60310.9 0.0001966 1.98E-06
422.634 79433.9 0.0002383 2.23E-06
422.634 101499 0.00028 2.48E-06
422.634 122583 0.0003268 2.76E-06
310.891 689.48 0.000224 4.80E-06
310.891 1378.95 0.000227 4.90E-06
310.891 2068.43 0.000231 5.00E-06
310.891 2757.9 0.000236 5.10E-06
310.891 3447.38 0.0002375 5.10E-06
310.891 4136.85 0.0002398 5.20E-06
310.891 5515.81 0.000247 5.30E-06
310.891 6894.76 0.000254 5.50E-06
310.891 8618.45 0.0002622 5.60E-06
310.891 10342.1 0.00027 5.80E-06
310.891 12065.8 0.000279 6.00E-06
310.891 13789.5 0.0002865 6.10E-06
310.891 17236.9 0.0003035 6.50E-06
310.891 20684.3 0.0003195 6.80E-06
310.891 24131.7 0.0003362 7.20E-06
310.891 27579 0.0003515 7.50E-06
310.891 31026.4 0.00037 7.80E-06
310.891 34473.8 0.0003875 8.20E-06
310.891 41368.5 0.00042 8.90E-06
310.891 48263.3 0.0004538 9.60E-06
310.891 55158.1 0.000486 1.02E-05
344.243 689.48 0.000152 3.40E-06
344.243 1378.95 0.0001525 3.40E-06
344.243 2068.43 0.0001551 3.50E-06
344.243 2757.9 0.0001578 3.50E-06
344.243 3447.38 0.0001603 3.60E-06
344.243 4136.85 0.0001641 3.60E-06
344.243 5515.81 0.000167 3.70E-06
344.243 6894.76 0.0001735 3.80E-06
344.243 8618.45 0.00018 4.00E-06
344.243 10342.1 0.0001872 4.10E-06
344.243 12065.8 0.000194 4.20E-06
344.243 13789.5 0.000202 4.40E-06
344.243 17236.9 0.0002125 4.60E-06
344.243 20684.3 0.0002262 4.90E-06
344.243 24131.7 0.0002398 5.20E-06
344.243 27579 0.0002515 5.40E-06
344.243 31026.4 0.0002661 5.70E-06
344.243 34473.8 0.0002695 5.80E-06
344.243 41368.5 0.000307 6.60E-06
344.243 48263.3 0.0003332 7.10E-06
344.243 55158.1 0.00036 7.70E-06
377.567 1378.95 0.000105 2.40E-06
377.567 2068.43 0.0001075 2.50E-06
377.567 2757.9 0.000109 2.50E-06
377.567 3447.38 0.0001115 2.60E-06
377.567 4136.85 0.0001145 2.60E-06
377.567 5515.81 0.0001182 2.70E-06
377.567 6894.76 0.0001235 2.80E-06
377.567 8618.45 0.0001278 2.90E-06
377.567 10342.1 0.000135 3.00E-06
377.567 12065.8 0.0001379 3.10E-06
377.567 13789.5 0.0001448 3.20E-06
377.567 17236.9 0.0001549 3.40E-06
377.567 20684.3 0.0001665 3.70E-06
377.567 24131.7 0.000176 3.90E-06
377.567 27579 0.0001875 4.10E-06
377.567 31026.4 0.0001975 4.30E-06
377.567 34473.8 0.000207 4.50E-06
377.567 41368.5 0.0002283 4.90E-06
377.567 48263.3 0.0002515 5.40E-06
377.567 55158.1 0.000272 5.80E-06
410.895 2757.9 6.85E-05 1.80E-06
410.895 3447.38 7.02E-05 1.80E-06
410.895 4136.85 7.65E-05 1.90E-06
410.895 5515.81 8.45E-05 2.00E-06
410.895 6894.76 8.98E-05 2.10E-06
410.895 8618.45 9.50E-05 2.20E-06
410.895 10342.1 0.000101 2.40E-06
410.895 12065.8 0.000105 2.40E-06
410.895 13789.5 0.000112 2.60E-06
410.895 17236.9 0.0001198 2.70E-06
410.895 20684.3 0.00013 2.90E-06
410.895 24131.7 0.0001375 3.10E-06
410.895 27579 0.0001465 3.30E-06
410.895 31026.4 0.0001555 3.50E-06
410.895 34473.8 0.0001645 3.60E-06
410.895 41368.5 0.000182 4.00E-06
410.895 48263.3 0.0001985 4.30E-06
410.895 55158.1 0.000214 4.60E-06
310 246.274 0.0001847 0.000112
320 326.704 0.0001697 0.000104
330 425.333 0.0001567 9.75E-05
340 544.522 0.0001454 9.20E-05
350 686.726 0.0001355 8.74E-05
360 854.508 0.0001267 8.36E-05
370 1050.57 0.000119 8.05E-05
380 1277.8 0.0001121 7.79E-05
390 1539.36 0.0001059 7.57E-05
400 1838.84 0.0001003 7.40E-05
410 2180.5 9.53E-05 7.26E-05
420 2569.8 9.08E-05 7.16E-05
430 3015.06 8.67E-05 7.08E-05
