1.37401e+02
1.39679e+02
1.34894e+02
1.33403e+02
1.33236e+02
1.40957e+02
1.37588e+02
1.44080e+02
1.37726e+02
1.33745e+02
1.34983e+02
1.36705e+02
1.42225e+02
1.36392e+02
1.28820e+02
1.36985e+02
1.40788e+02
1.38592e+02
1.33450e+02
1.35275e+02
1.37430e+02
1.31592e+02
1.32726e+02
1.36107e+02
1.38373e+02
1.37274e+02
1.37719e+02
1.32786e+02
1.33797e+02
1.35052e+02
1.37809e+02
1.36597e+02
1.35248e+02
1.38058e+02
1.34816e+02
1.36009e+02
1.37401e+02
1.39679e+02
1.34894e+02
1.33403e+02
1.33236e+02
1.40957e+02
1.37588e+02
1.44080e+02
1.37726e+02
1.33745e+02
1.34983e+02
1.36705e+02
1.42225e+02
1.36392e+02
1.28820e+02
1.36985e+02
1.40788e+02
1.38592e+02
1.33450e+02
1.35275e+02
1.37430e+02
1.31592e+02
1.32726e+02
1.36107e+02
1.43838e+03
1.42907e+03
1.43119e+03
1.42397e+03
1.42965e+03
1.43000e+03
1.42860e+03
1.42846e+03
1.43088e+03
1.42401e+03
1.43204e+03
1.43065e+03
1.42896e+03
1.42768e+03
1.43553e+03
1.42661e+03
1.43419e+03
1.42351e+03
1.42376e+03
1.44874e+03
1.42950e+03
1.42824e+03
1.42770e+03
1.42745e+03
1.43197e+03
1.43113e+03
1.43581e+03
1.42517e+03
1.42496e+03
1.42550e+03
1.42486e+03
1.43068e+03
1.42573e+03
1.43491e+03
1.42817e+03
1.43068e+03
1.43000e+03
1.42860e+03
1.42846e+03
1.43088e+03
1.42401e+03
1.43204e+03
1.43065e+03
1.42896e+03
1.42768e+03
1.43553e+03
1.42661e+03
1.43419e+03
1.42351e+03
1.42376e+03
1.44874e+03
1.42950e+03
1.42824e+03
1.42770e+03
1.42745e+03
1.43197e+03
1.43113e+03
1.43581e+03
1.42517e+03
1.42496e+03
8.80763e+03
8.82979e+03
8.80818e+03
8.82725e+03
8.81226e+03
8.78245e+03
8.81229e+03
8.80244e+03
8.80670e+03
8.78543e+03
8.80705e+03
8.78865e+03
8.79820e+03
8.80929e+03
8.81206e+03
8.79974e+03
8.78403e+03
8.80870e+03
8.78669e+03
8.81902e+03
8.80722e+03
8.82473e+03
8.81694e+03
8.82453e+03
8.83135e+03
8.80779e+03
8.83451e+03
8.81221e+03
8.78172e+03
8.81768e+03
8.79146e+03
8.79870e+03
8.82148e+03
8.82011e+03
8.80949e+03
8.81098e+03
8.83850e+03
8.81458e+03
8.80927e+03
8.79167e+03
8.80614e+03
8.81085e+03
8.78228e+03
8.82732e+03
8.81507e+03
8.82730e+03
8.79527e+03
8.80347e+03
8.81324e+03
8.82540e+03
8.80874e+03
8.82714e+03
8.82238e+03
8.80679e+03
8.82796e+03
8.83551e+03
8.80836e+03
8.81478e+03
8.81836e+03
8.82707e+03
4.26563e+03
4.26229e+03
4.26103e+03
4.27009e+03
4.26876e+03
4.26917e+03
4.26576e+03
4.27462e+03
4.26831e+03
4.26932e+03
4.26554e+03
4.27076e+03
4.27248e+03
4.27741e+03
4.26886e+03
4.26390e+03
4.26838e+03
4.26354e+03
4.27028e+03
4.27206e+03
4.26936e+03
4.26756e+03
4.26926e+03
4.26140e+03
4.26976e+03
4.26559e+03
4.26933e+03
4.26229e+03
4.26420e+03
4.26984e+03
4.27165e+03
4.27194e+03
4.26916e+03
4.26754e+03
4.26724e+03
4.26280e+03
4.26655e+03
4.26279e+03
4.26582e+03
4.26276e+03
4.26004e+03
4.25596e+03
4.26848e+03
4.27506e+03
4.26503e+03
4.26582e+03
4.26195e+03
4.26361e+03
4.27510e+03
4.26749e+03
4.26508e+03
4.26598e+03
4.26973e+03
4.27027e+03
4.26464e+03
4.27585e+03
4.26661e+03
4.27086e+03
4.26664e+03
4.26679e+03