4.68509e+00
4.68554e+00
4.68566e+00
4.67857e+00
4.69101e+00
4.69704e+00
4.69347e+00
4.67809e+00
4.68338e+00
4.68078e+00
4.68492e+00
4.67692e+00
4.69299e+00
4.69226e+00
4.68406e+00
4.68973e+00
4.69334e+00
4.67733e+00
4.67245e+00
4.67449e+00
4.69968e+00
4.67883e+00
4.68196e+00
4.68381e+00
4.69346e+00
4.68485e+00
4.67863e+00
4.68619e+00
4.69479e+00
4.70720e+00
4.67420e+00
4.69414e+00
4.69061e+00
4.68365e+00
4.69397e+00
4.67572e+00
4.68771e+00
4.68296e+00
4.69447e+00
4.67636e+00
4.68169e+00
4.66889e+00
4.68780e+00
4.69975e+00
4.69652e+00
4.69723e+00
4.68125e+00
4.68528e+00
4.68155e+00
4.69297e+00
4.70280e+00
4.67885e+00
4.68766e+00
4.69604e+00
4.69911e+00
4.68511e+00
4.68940e+00
4.69328e+00
4.68796e+00
4.68719e+00
4.52871e+00
4.51711e+00
4.53003e+00
4.53009e+00
4.53211e+00
4.52903e+00
4.53833e+00
4.53004e+00
4.52305e+00
4.52548e+00
4.53215e+00
4.52848e+00
4.51962e+00
4.53229e+00
4.52861e+00
4.53290e+00
4.51857e+00
4.53571e+00
4.53781e+00
4.52865e+00
4.52574e+00
4.51530e+00
4.52669e+00
4.52541e+00
4.52265e+00
4.52857e+00
4.53148e+00
4.53053e+00
4.52068e+00
4.52933e+00
4.52293e+00
4.52943e+00
4.53374e+00
4.52169e+00
4.52926e+00
4.52851e+00
4.51862e+00
4.52157e+00
4.52527e+00
4.53158e+00
4.53312e+00
4.52054e+00
4.52365e+00
4.53120e+00
4.53143e+00
4.52390e+00
4.52946e+00
4.53070e+00
4.52881e+00
4.54530e+00
4.53088e+00
4.51835e+00
4.52485e+00
4.52924e+00
4.53153e+00
4.52325e+00
4.52784e+00
4.53612e+00
4.52095e+00
4.52575e+00
4.47731e+00
4.47693e+00
4.47165e+00
4.47445e+00
4.46518e+00
4.47814e+00
4.46366e+00
4.47263e+00
4.46999e+00
4.47820e+00
4.47655e+00
4.47089e+00
4.46697e+00
4.48197e+00
4.47083e+00
4.48082e+00
4.47408e+00
4.48143e+00
4.47109e+00
4.47637e+00
4.48367e+00
4.47399e+00
4.47087e+00
4.48680e+00
4.47062e+00
4.47809e+00
4.47918e+00
4.47246e+00
4.47690e+00
4.47459e+00
4.47691e+00
4.46823e+00
4.48002e+00
4.47285e+00
4.47654e+00
4.46798e+00
4.47868e+00
4.46413e+00
4.46672e+00
4.47048e+00
4.47802e+00
4.46768e+00
4.48041e+00
4.46779e+00
4.46939e+00
4.46805e+00
4.47751e+00
4.47703e+00
4.46932e+00
4.47232e+00
4.47007e+00
4.46897e+00
4.46639e+00
4.46501e+00
4.47365e+00
4.46751e+00
4.47962e+00
4.46952e+00
4.47646e+00
4.47742e+00
4.43632e+00
4.42760e+00
4.43019e+00
4.43528e+00
4.43207e+00
4.43406e+00
4.43356e+00
4.42201e+00
4.43465e+00
4.42985e+00
4.46063e+00
4.42668e+00
4.42843e+00
4.43460e+00
4.53932e+00
4.42442e+00
4.43370e+00
4.43242e+00
4.43411e+00
4.42939e+00
4.42381e+00
4.42788e+00
4.42922e+00
4.42899e+00
4.42795e+00
4.42771e+00
4.46216e+00
4.43299e+00
4.52314e+00
4.43311e+00
4.43209e+00
4.43713e+00
4.42958e+00
4.42791e+00
4.42115e+00
4.43133e+00
4.43490e+00
4.45576e+00
4.42938e+00
4.42584e+00
4.42378e+00
4.43016e+00
4.42390e+00
4.42877e+00
4.42907e+00
4.55434e+00
4.42823e+00
4.42485e+00
4.43421e+00
4.42787e+00
4.42229e+00
4.43256e+00
4.54512e+00
4.42967e+00
4.43059e+00
4.42756e+00
4.42673e+00
4.41663e+00
4.42740e+00
4.43530e+00
4.379554.380724.37856e+00
