8.41800e+02
8.13975e+02
8.25427e+02
8.71891e+02
7.66622e+02
7.49093e+02
7.49571e+02
8.62480e+02
8.39495e+02
8.81347e+02
8.30969e+02
9.02522e+02
7.81156e+02
7.68534e+02
8.60646e+02
7.91370e+02
7.68146e+02
9.06979e+02
9.01712e+02
8.93148e+02
7.20508e+02
8.71724e+02
8.40643e+02
8.35435e+02
7.41280e+02
8.29051e+02
8.80178e+02
8.29447e+02
7.75865e+02
6.49130e+02
9.16870e+02
7.66591e+02
7.97072e+02
8.40044e+02
7.71956e+02
8.94932e+02
8.06206e+02
8.26386e+02
7.61921e+02
8.91071e+02
8.50094e+02
9.64521e+02
8.29720e+02
7.23812e+02
7.41091e+02
7.40490e+02
8.47845e+02
8.09892e+02
8.46294e+02
7.67320e+02
6.84802e+02
8.77593e+02
7.86018e+02
7.62539e+02
7.28664e+02
8.29440e+02
8.03530e+02
7.74102e+02
7.99773e+02
8.20779e+02
2.77968e+03
2.98406e+03
2.74850e+03
2.75996e+03
2.70664e+03
2.76334e+03
2.59181e+03
2.73048e+03
2.86898e+03
2.84829e+03
2.73464e+03
2.78463e+03
2.95293e+03
2.71668e+03
2.78319e+03
2.69244e+03
2.97970e+03
2.63595e+03
2.59444e+03
2.76834e+03
2.84576e+03
3.00932e+03
2.80009e+03
2.82693e+03
2.84953e+03
2.76104e+03
2.72199e+03
2.74802e+03
2.95031e+03
2.77738e+03
2.87979e+03
2.73896e+03
2.67460e+03
2.90429e+03
2.75472e+03
2.75328e+03
2.94586e+03
2.89637e+03
2.82635e+03
2.71406e+03
2.69609e+03
2.91220e+03
2.87281e+03
2.71219e+03
2.72510e+03
2.87377e+03
2.76885e+03
2.72602e+03
2.75119e+03
2.47813e+03
2.71901e+03
2.97630e+03
2.86881e+03
2.74803e+03
2.72827e+03
2.88328e+03
2.79062e+03
2.66506e+03
2.90853e+03
2.82241e+03
3.88370e+03
3.87991e+03
3.99940e+03
3.91996e+03
4.18928e+03
3.84430e+03
4.20327e+03
3.97166e+03
4.05660e+03
3.84209e+03
3.87974e+03
3.99883e+03
4.09851e+03
3.74359e+03
3.95463e+03
3.78072e+03
3.97129e+03
3.76224e+03
3.99898e+03
3.87829e+03
3.70928e+03
3.92961e+03
4.01199e+03
3.62592e+03
4.02156e+03
3.83784e+03
3.81159e+03
3.95668e+03
3.88804e+03
3.92336e+03
3.87694e+03
4.08758e+03
3.80052e+03
3.97122e+03
3.91794e+03
4.07458e+03
3.80166e+03
4.16025e+03
4.13704e+03
4.00070e+03
3.86081e+03
4.11714e+03
3.79575e+03
4.10033e+03
4.04924e+03
4.09785e+03
3.83552e+03
3.86597e+03
4.07763e+03
3.98016e+03
4.05593e+03
4.04163e+03
4.14556e+03
4.15153e+03
3.95913e+03
4.09050e+03
3.78271e+03
4.03292e+03
3.86833e+03
3.85305e+03
4.95241e+03
5.20432e+03
5.16511e+03
5.00224e+03
5.08070e+03
4.99798e+03
5.03244e+03
5.42240e+03
5.01031e+03
5.14823e+03
4.29990e+03
5.28803e+03
5.18393e+03
5.05027e+03
2.58797e+03
5.29568e+03
5.01876e+03
5.08002e+03
5.05073e+03
5.16179e+03
5.37398e+03
5.20799e+03
5.16539e+03
5.16314e+03
5.20462e+03
5.21214e+03
4.23598e+03
5.04341e+03
2.85003e+03
5.04832e+03
5.09475e+03
4.97648e+03
5.16847e+03
5.24299e+03
5.42271e+03
5.10015e+03
5.00460e+03
4.39214e+03
5.17037e+03
5.29212e+03
5.32315e+03
5.14050e+03
5.36507e+03
5.17256e+03
5.18625e+03
2.33698e+03
5.22277e+03
5.29792e+03
5.00603e+03
5.19708e+03
5.38706e+03
5.08152e+03
2.48134e+03
5.18922e+03
5.13486e+03
5.20537e+03
5.27872e+03
5.59415e+03
5.23734e+03
4.98349e+03
4.84333e+03
4.80265e+03
4.82166e+03
4.86091e+03
5.28927e+03
4.83446e+03
4.84294e+03
6.88507e+03
4.81681e+03
4.85753e+03
4.85962e+03
4.84472e+03
4.83800e+03
5.19605e+03
6.96451e+03
