4.25196e+00
4.25280e+00
4.25269e+00
4.25414e+00
4.25424e+00
4.25292e+00
4.25270e+00
4.25291e+00
4.25312e+00
4.25295e+00
4.25279e+00
4.25386e+00
4.25283e+00
4.25384e+00
4.25187e+00
4.25322e+00
4.25377e+00
4.25420e+00
4.25350e+00
4.25308e+00
4.25271e+00
4.25327e+00
4.25344e+00
4.25430e+00
4.25330e+00
4.25201e+00
4.25202e+00
4.25382e+00
4.25236e+00
4.25271e+00
4.25395e+00
4.25291e+00
4.25247e+00
4.25241e+00
4.25324e+00
4.25365e+00
4.25260e+00
4.25163e+00
4.25353e+00
4.25346e+00
4.25343e+00
4.25307e+00
4.25304e+00
4.25200e+00
4.25299e+00
4.25346e+00
4.25443e+00
4.25260e+00
4.25218e+00
4.25285e+00
4.25310e+00
4.25418e+00
4.25295e+00
4.25217e+00
3.99483e+00
3.99424e+00
3.99454e+00
3.99486e+00
3.99476e+00
3.99486e+00
3.99462e+00
3.99464e+00
3.99491e+00
3.99475e+00
3.99473e+00
3.99486e+00
3.99462e+00
3.99502e+00
3.99471e+00
3.99452e+00
3.99471e+00
3.99488e+00
3.99470e+00
3.99466e+00
3.99445e+00
3.99485e+00
3.99476e+00
3.99479e+00
3.99480e+00
3.99473e+00
3.99452e+00
3.99469e+00
3.99485e+00
3.99495e+00
3.99479e+00
3.99469e+00
3.99486e+00
3.99470e+00
3.99427e+00
3.99476e+00
3.99458e+00
3.99447e+00
3.99445e+00
3.99516e+00
3.99448e+00
3.99472e+00
3.99462e+00
3.99437e+00
3.99456e+00
3.99462e+00
3.99480e+00
3.99470e+00
3.99471e+00
3.99477e+00
3.99481e+00
3.99478e+00
3.99450e+00
3.99485e+00
3.90351e+00
3.90335e+00
3.90355e+00
3.90356e+00
3.90374e+00
3.90329e+00
3.90371e+00
3.90330e+00
3.90334e+00
3.90345e+00
3.90318e+00
3.90312e+00
3.90329e+00
3.90341e+00
3.90320e+00
3.90345e+00
3.90344e+00
3.90337e+00
3.90363e+00
3.90325e+00
3.90343e+00
3.90344e+00
3.90339e+00
3.90334e+00
3.90331e+00
3.90353e+00
3.90340e+00
3.90332e+00
3.90349e+00
3.90342e+00
3.90313e+00
3.90352e+00
3.90342e+00
3.90345e+00
3.90338e+00
3.90332e+00
3.90347e+00
3.90344e+00
3.90321e+00
3.90326e+00
3.90346e+00
3.90346e+00
3.90319e+00
3.90356e+00
3.90358e+00
3.90319e+00
3.90354e+00
3.90341e+00
3.90350e+00
3.90363e+00
3.90329e+00
3.90319e+00
3.90348e+00
3.90333e+00
3.84618e+00
3.84594e+00
3.84617e+00
3.84589e+00
3.84583e+00
3.84602e+00
3.84584e+00
3.84586e+00
3.84631e+00
3.84589e+00
3.84597e+00
3.84568e+00
3.84584e+00
3.84590e+00
3.84589e+00
3.84582e+00
3.84590e+00
3.84613e+00
3.84601e+00
3.84597e+00
3.84609e+00
3.84584e+00
3.84603e+00
3.84596e+00
3.84611e+00
3.84593e+00
3.84560e+00
3.84598e+00
3.84588e+00
3.84601e+00
3.84580e+00
3.84570e+00
3.84574e+00
3.84560e+00
3.84573e+00
3.84592e+00
3.84560e+00
3.84598e+00
3.84575e+00
3.84602e+00
3.84585e+00
3.84583e+00
3.84571e+00
3.84599e+00
3.84576e+00
3.84587e+00
3.84583e+00
3.84592e+00
3.84581e+00
3.84605e+00
3.84612e+00
3.84579e+00
3.84560e+00
3.84598e+00
3.80639e+00
3.80573e+00
3.80612e+00
3.80545e+00
3.80665e+00
3.80624e+00
3.80601e+00
3.80608e+00
3.80609e+00
3.80579e+00
3.80614e+00
3.80568e+00
3.80553e+00
3.80634e+00
3.80599e+00
3.80587e+00
3.80570e+00
3.80577e+00
3.80608e+00
3.80644e+00
3.80586e+00
3.80634e+00
3.80611e+00
3.80597e+00
3.80615e+00
3.80564e+00
3.80566e+00
3.80551e+00
3.80577e+00
3.80605e+00
3.80605e+00
3.80543e+00
3.80605e+00
3.80592e+00
3.80624e+00
3.80557e+00
3.80542e+00
3.80584e+00
3.80637e+00
3.80621e+00
3.80589e+00
3.80579e+00
3.80587e+00
3.80652e+00
3.80584e+00
3.80583e+00
3.80569e+00
3.80621e+00
3.80573e+00
3.80591e+00
3.80555e+00
3.80596e+00
3.80589e+00
3.80604e+00
