1.29360e+00
-1.41786e+00
-4.25779e+00
-3.68228e+00
-6.15989e+00
-3.58111e+00
1.44180e+00
-2.96388e+00
-3.21811e-01
5.92367e+00
-1.93906e+00
-2.36854e+00
-3.10832e+00
4.47391e-01
2.49493e+00
-3.90321e+00
-3.22229e+00
-8.88418e+00
-7.66732e+00
-1.09868e+00
7.14744e-01
9.17799e-02
-5.44598e-01
-8.61701e+00
-8.11671e+00
4.68189e+00
5.06799e+00
-7.39070e+00
6.08651e-01
-3.54039e+00
-4.04005e+00
-1.49083e+00
-3.96055e+00
-4.40279e+00
-2.34413e-01
-3.79244e+00
-9.51532e-01
6.06697e+00
-3.04413e+00
-1.08015e+00
-2.64010e+00
-4.28025e+00
-2.53120e+00
3.36345e+00
-5.91741e+00
-5.50844e+00
-6.87042e+00
9.46681e-01
2.25819e+00
-5.12506e+00
-3.37481e+00
-7.61613e+00
-3.06827e-01
-3.20651e-01
2.49655e+03
2.50838e+03
2.50082e+03
2.48826e+03
2.49414e+03
2.49152e+03
2.50727e+03
2.50422e+03
2.49132e+03
2.50062e+03
2.50681e+03
2.49699e+03
2.50115e+03
2.49943e+03
2.50437e+03
2.49890e+03
2.49676e+03
2.49750e+03
2.49626e+03
2.50369e+03
2.49797e+03
2.49000e+03
2.49593e+03
2.50050e+03
2.49203e+03
2.49558e+03
2.50087e+03
2.49952e+03
2.50345e+03
2.49640e+03
2.49542e+03
2.49183e+03
2.49381e+03
2.49681e+03
2.50984e+03
2.49850e+03
2.50481e+03
2.49921e+03
2.50640e+03
2.48786e+03
2.50863e+03
2.50460e+03
2.50154e+03
2.51132e+03
2.51381e+03
2.50568e+03
2.49887e+03
2.50304e+03
2.50887e+03
2.50699e+03
2.50029e+03
2.50266e+03
2.51091e+03
2.50103e+03
4.99540e+03
4.99556e+03
4.99313e+03
4.98826e+03
4.99434e+03
5.00431e+03
4.98463e+03
4.99960e+03
4.99364e+03
4.99698e+03
4.99981e+03
5.01400e+03
5.00021e+03
5.00126e+03
5.01152e+03
4.98585e+03
5.00778e+03
4.99910e+03
4.99468e+03
5.00248e+03
4.99342e+03
5.00366e+03
5.00743e+03
4.99937e+03
4.99420e+03
4.99007e+03
4.99993e+03
5.00092e+03
4.99177e+03
4.99772e+03
5.00276e+03
4.99527e+03
4.99149e+03
4.99236e+03
4.99099e+03
5.01026e+03
4.99280e+03
4.99156e+03
4.99983e+03
4.99868e+03
4.99372e+03
5.00696e+03
5.01802e+03
4.98302e+03
4.97959e+03
5.01324e+03
4.99310e+03
4.99007e+03
5.00556e+03
4.98711e+03
4.99643e+03
5.00081e+03
4.99892e+03
4.99908e+03
7.46623e+03
7.48814e+03
7.46787e+03
7.49225e+03
7.49777e+03
7.48707e+03
7.48645e+03
7.47574e+03
7.46306e+03
7.49522e+03
7.49582e+03
7.52416e+03
7.49098e+03
7.48100e+03
7.48654e+03
7.49263e+03
7.47397e+03
7.47091e+03
7.47731e+03
7.48393e+03
7.49012e+03
7.49782e+03
7.48306e+03
7.48784e+03
7.48328e+03
7.48138e+03
7.49260e+03
7.48638e+03
7.49564e+03
7.48245e+03
7.49815e+03
7.49396e+03
7.48671e+03
7.49556e+03
7.50369e+03
7.49706e+03
7.50750e+03
7.47398e+03
7.49723e+03
7.48423e+03
7.48815e+03
7.49082e+03
7.51027e+03
7.48422e+03
7.49989e+03
7.49394e+03
7.47251e+03
7.48336e+03
7.49217e+03
7.47648e+03
7.47511e+03
7.48931e+03
7.50103e+03
7.47388e+03
9.81516e+03
9.85070e+03
9.82303e+03
9.86028e+03
9.77464e+03
9.80747e+03
9.83528e+03
9.82457e+03
9.80641e+03
9.82195e+03
9.80113e+03
9.83537e+03
9.84611e+03
9.79715e+03
9.83232e+03
9.82948e+03
9.85128e+03
9.83379e+03
9.81515e+03
9.81015e+03
9.81631e+03
9.77922e+03
9.81443e+03
9.82277e+03
9.81000e+03
9.83871e+03
9.83502e+03
9.85825e+03
9.83156e+03
9.82605e+03
9.81631e+03
9.86592e+03
9.81498e+03
9.83211e+03
9.82081e+03
9.83335e+03
9.86794e+03
9.84664e+03
9.78569e+03
9.81693e+03
9.82685e+03
9.83630e+03
9.82868e+03
9.79554e+03
9.83552e+03
9.84450e+03
9.85267e+03
9.81965e+03
9.83977e+03
9.81327e+03
9.86637e+03
9.82920e+03
9.82563e+03
9.82406e+03
