4.26473e+00
4.26533e+00
4.26472e+00
4.26405e+00
4.26285e+00
4.26383e+00
4.26526e+00
4.26515e+00
4.26524e+00
4.26541e+00
4.26511e+00
4.26481e+00
4.26391e+00
4.26559e+00
4.26451e+00
4.26385e+00
4.26472e+00
4.26462e+00
4.26415e+00
4.26493e+00
4.26442e+00
4.26539e+00
4.26452e+00
4.26458e+00
4.26520e+00
4.26495e+00
4.26436e+00
4.26638e+00
4.26578e+00
4.26546e+00
4.26506e+00
4.26471e+00
4.26533e+00
4.26453e+00
4.26477e+00
4.26566e+00
4.26373e+00
4.26393e+00
4.26490e+00
4.26484e+00
4.26421e+00
4.26565e+00
4.26499e+00
4.26508e+00
4.26441e+00
4.26286e+00
4.26483e+00
4.26355e+00
4.26520e+00
4.26455e+00
4.26492e+00
4.26584e+00
4.26489e+00
4.26466e+00
4.01355e+00
4.01364e+00
4.01293e+00
4.01364e+00
4.01367e+00
4.01349e+00
4.01345e+00
4.01377e+00
4.01358e+00
4.01357e+00
4.01354e+00
4.01329e+00
4.01330e+00
4.01365e+00
4.01339e+00
4.01320e+00
4.01340e+00
4.01331e+00
4.01347e+00
4.01351e+00
4.01327e+00
4.01317e+00
4.01355e+00
4.01373e+00
4.01324e+00
4.01357e+00
4.01362e+00
4.01320e+00
4.01340e+00
4.01361e+00
4.01380e+00
4.01376e+00
4.01330e+00
4.01347e+00
4.01337e+00
4.01319e+00
4.01343e+00
4.01326e+00
4.01352e+00
4.01370e+00
4.01383e+00
4.01343e+00
4.01359e+00
4.01329e+00
4.01339e+00
4.01369e+00
4.01328e+00
4.01337e+00
4.01329e+00
4.01363e+00
4.01373e+00
4.01325e+00
4.01340e+00
4.01318e+00
3.92492e+00
3.92481e+00
3.92498e+00
3.92501e+00
3.92459e+00
3.92477e+00
3.92497e+00
3.92474e+00
3.92480e+00
3.92506e+00
3.92458e+00
3.92471e+00
3.92482e+00
3.92489e+00
3.92458e+00
3.92466e+00
3.92462e+00
3.92481e+00
3.92480e+00
3.92469e+00
3.92515e+00
3.92491e+00
3.92487e+00
3.92488e+00
3.92493e+00
3.92457e+00
3.92472e+00
3.92460e+00
3.92501e+00
3.92462e+00
3.92487e+00
3.92462e+00
3.92493e+00
3.92464e+00
3.92480e+00
3.92496e+00
3.92478e+00
3.92477e+00
3.92483e+00
3.92505e+00
3.92444e+00
3.92478e+00
3.92502e+00
3.92477e+00
3.92486e+00
3.92483e+00
3.92486e+00
3.92507e+00
3.92473e+00
3.92490e+00
3.92464e+00
3.92467e+00
3.92516e+00
3.92484e+00
3.86911e+00
3.86971e+00
3.86894e+00
3.86919e+00
3.86933e+00
3.86927e+00
3.86922e+00
3.86935e+00
3.86910e+00
3.86922e+00
3.86912e+00
3.86934e+00
3.86911e+00
3.86906e+00
3.86948e+00
3.86906e+00
3.86914e+00
3.86905e+00
3.86894e+00
3.86930e+00
3.86947e+00
3.86923e+00
3.86912e+00
3.86921e+00
3.86920e+00
3.86909e+00
3.86914e+00
3.86913e+00
3.86936e+00
3.86917e+00
3.86936e+00
3.86917e+00
3.86937e+00
3.86898e+00
3.86889e+00
3.86939e+00
3.86892e+00
3.86910e+00
3.86913e+00
3.86914e+00
3.86892e+00
3.86924e+00
3.86930e+00
3.86905e+00
3.86926e+00
3.86913e+00
3.86924e+00
3.86901e+00
3.86916e+00
3.86914e+00
3.86870e+00
3.86933e+00
3.86937e+00
3.86918e+00
3.82833e+00
3.82846e+00
3.82838e+00
3.82885e+00
3.82861e+00
3.82865e+00
3.82851e+00
3.82865e+00
3.82853e+00
3.82854e+00
3.82842e+00
3.82820e+00
3.82844e+00
3.82808e+00
3.82871e+00
3.82875e+00
3.82859e+00
3.82841e+00
3.82850e+00
3.82856e+00
3.82862e+00
3.82845e+00
3.82831e+00
3.82825e+00
3.82873e+00
3.82836e+00
3.82862e+00
3.82851e+00
3.82870e+00
3.82858e+00
3.82847e+00
3.82850e+00
3.82830e+00
3.82869e+00
3.82841e+00
3.82863e+00
3.82849e+00
3.82865e+00
3.82846e+00
3.82838e+00
3.82861e+00
3.82865e+00
3.82846e+00
3.82841e+00
3.82857e+00
3.82862e+00
3.82867e+00
3.82869e+00
3.82891e+00
3.82846e+00
3.82848e+00
3.82849e+00
3.82840e+00
3.82843e+00
