-3.48032e+00
-2.42202e+00
-1.34182e+00
3.40348e+00
8.78612e+00
1.85789e+00
-5.92785e+00
-8.17918e+00
-5.11118e+00
-4.75664e+00
-3.87883e+00
2.57666e-01
2.98419e+00
-7.56964e+00
-4.65741e+00
4.42073e+00
-6.96876e-01
-1.04485e+00
1.38443e+00
-3.31231e+00
-2.24413e+00
-3.18511e+00
-4.15022e+00
-1.06946e-01
-6.92705e+00
-6.23060e+00
-4.23808e-01
-5.99300e+00
-2.33854e-01
-1.15805e+00
-1.92014e+00
6.19776e+00
-1.96049e+00
-6.45175e+00
-1.44120e-01
-4.53289e+00
2.64596e+00
-1.01271e+00
-1.42116e+00
-4.12508e+00
-4.59741e+00
-9.49969e+00
-2.54029e+00
-1.09291e+00
-1.21817e+00
5.80287e+00
-6.31901e-01
6.49535e+00
-4.16630e+00
-2.84603e+00
1.73415e+00
-3.03265e+00
-5.08183e+00
-1.07499e+00
2.50176e+03
2.49741e+03
2.50535e+03
2.49637e+03
2.49095e+03
2.49399e+03
2.50731e+03
2.48734e+03
2.49834e+03
2.49519e+03
2.50395e+03
2.49796e+03
2.49644e+03
2.49109e+03
2.50049e+03
2.50714e+03
2.50564e+03
2.49963e+03
2.49837e+03
2.49691e+03
2.50441e+03
2.50782e+03
2.49437e+03
2.48536e+03
2.49749e+03
2.49118e+03
2.49005e+03
2.51000e+03
2.50204e+03
2.49978e+03
2.48576e+03
2.48961e+03
2.49973e+03
2.50126e+03
2.50203e+03
2.50879e+03
2.49964e+03
2.49887e+03
2.49737e+03
2.49688e+03
2.49279e+03
2.50212e+03
2.49979e+03
2.50564e+03
2.49803e+03
2.50001e+03
2.50454e+03
2.50463e+03
2.50371e+03
2.49133e+03
2.48347e+03
2.50694e+03
2.50376e+03
2.49731e+03
4.98743e+03
4.99367e+03
5.00389e+03
4.99779e+03
5.01206e+03
4.99740e+03
5.00217e+03
5.00785e+03
5.00737e+03
4.99073e+03
5.00875e+03
4.99638e+03
5.00566e+03
5.00170e+03
5.00718e+03
5.01310e+03
5.01000e+03
5.00489e+03
5.00704e+03
5.00168e+03
4.99112e+03
4.99752e+03
5.00677e+03
5.00888e+03
5.00550e+03
5.01482e+03
5.01032e+03
5.01140e+03
4.99067e+03
5.00314e+03
5.00360e+03
5.00706e+03
4.99597e+03
4.99995e+03
4.99772e+03
4.99867e+03
4.98999e+03
5.00563e+03
4.99312e+03
4.99376e+03
5.00246e+03
5.00047e+03
4.99344e+03
4.98845e+03
5.00082e+03
5.00107e+03
5.00472e+03
4.98699e+03
4.99760e+03
4.99476e+03
5.00441e+03
5.01100e+03
4.98571e+03
5.00366e+03
7.51546e+03
7.47355e+03
7.51958e+03
7.49947e+03
7.50898e+03
7.50343e+03
7.48443e+03
7.47934e+03
7.50730e+03
7.50571e+03
7.49895e+03
7.49764e+03
7.50918e+03
7.50980e+03
7.48851e+03
7.49163e+03
7.48715e+03
7.50404e+03
7.50300e+03
7.48363e+03
7.48360e+03
7.49754e+03
7.50137e+03
7.50251e+03
7.49011e+03
7.50560e+03
7.50917e+03
7.49230e+03
7.49406e+03
7.50086e+03
7.49347e+03
7.49014e+03
7.48597e+03
7.51652e+03
7.50716e+03
7.49148e+03
7.51655e+03
7.49628e+03
7.50409e+03
7.49957e+03
7.52408e+03
7.50298e+03
7.48275e+03
7.51241e+03
7.49869e+03
7.49758e+03
7.48607e+03
7.50854e+03
7.49930e+03
7.49804e+03
7.53466e+03
7.48437e+03
7.48493e+03
7.49733e+03
1.00023e+04
1.00080e+04
1.00017e+04
9.98136e+03
9.98433e+03
1.00140e+04
9.97196e+03
9.99814e+03
9.97675e+03
1.00024e+04
1.00126e+04
1.00267e+04
9.99615e+03
1.00239e+04
9.99979e+03
9.97436e+03
9.99744e+03
1.00062e+04
1.00221e+04
1.00074e+04
1.00040e+04
1.00031e+04
1.00139e+04
1.00220e+04
9.99208e+03
1.00333e+04
9.99374e+03
1.00072e+04
9.98399e+03
9.97647e+03
9.99846e+03
1.00093e+04
1.00233e+04
9.99406e+03
1.00029e+04
1.00049e+04
9.99720e+03
9.99004e+03
9.98833e+03
1.00110e+04
9.99395e+03
9.98908e+03
9.99961e+03
1.00264e+04
9.98666e+03
9.99369e+03
9.98397e+03
9.96865e+03
9.97215e+03
9.99679e+03
1.00063e+04
1.00023e+04
1.00029e+04
1.00009e+04
