3.98400e+00
3.98224e+00
3.98386e+00
3.98371e+00
3.98083e+00
3.98143e+00
3.98288e+00
3.97827e+00
3.98117e+00
3.97987e+00
3.97805e+00
3.97897e+00
3.98054e+00
3.97916e+00
3.98303e+00
3.98316e+00
3.97989e+00
3.97913e+00
3.97798e+00
3.98146e+00
3.98101e+00
3.98051e+00
3.98547e+00
3.98369e+00
3.98040e+00
3.97820e+00
3.98534e+00
3.97795e+00
3.97728e+00
3.98485e+00
3.98428e+00
3.98462e+00
3.98271e+00
3.97740e+00
3.98359e+00
3.98271e+00
3.97990e+00
3.98318e+00
3.98527e+00
3.98265e+00
3.98453e+00
3.97673e+00
3.98380e+00
3.98557e+00
3.98022e+00
3.98410e+00
3.98356e+00
3.97920e+00
3.98503e+00
3.98262e+00
3.97672e+00
3.98551e+00
3.98054e+00
3.97937e+00
3.98435e+00
3.98110e+00
3.98080e+00
3.98319e+00
3.98016e+00
3.98518e+00
3.83127e+00
3.83129e+00
3.83316e+00
3.83340e+00
3.83146e+00
3.83251e+00
3.83192e+00
3.83150e+00
3.83155e+00
3.83265e+00
3.83281e+00
3.83149e+00
3.83137e+00
3.83171e+00
3.83175e+00
3.83171e+00
3.83230e+00
3.83131e+00
3.83162e+00
3.83213e+00
3.83192e+00
3.83166e+00
3.83124e+00
3.83239e+00
3.83153e+00
3.83311e+00
3.83222e+00
3.83212e+00
3.83124e+00
3.83225e+00
3.83104e+00
3.83156e+00
3.83107e+00
3.83088e+00
3.83263e+00
3.83059e+00
3.83184e+00
3.83203e+00
3.83273e+00
3.83397e+00
3.83273e+00
3.83082e+00
3.83255e+00
3.83113e+00
3.83292e+00
3.83286e+00
3.83223e+00
3.83179e+00
3.83204e+00
3.83301e+00
3.83213e+00
3.83190e+00
3.83085e+00
3.83129e+00
3.83122e+00
3.83186e+00
3.83276e+00
3.83176e+00
3.83132e+00
3.83185e+00
3.61040e+00
3.61062e+00
3.61083e+00
3.61118e+00
3.61132e+00
3.61123e+00
3.61139e+00
3.61162e+00
3.61061e+00
3.61119e+00
3.61155e+00
3.61080e+00
3.61160e+00
3.61142e+00
3.61130e+00
3.61132e+00
3.61141e+00
3.61002e+00
3.61132e+00
3.61153e+00
3.61103e+00
3.61097e+00
3.61041e+00
3.61151e+00
3.61111e+00
3.61116e+00
3.61145e+00
3.61131e+00
3.61101e+00
3.61077e+00
3.61102e+00
3.61131e+00
3.61127e+00
3.61124e+00
3.61087e+00
3.61143e+00
3.61073e+00
3.61120e+00
3.61091e+00
3.61109e+00
3.61125e+00
3.61086e+00
3.61097e+00
3.61152e+00
3.61132e+00
3.61143e+00
3.61083e+00
3.61141e+00
3.61075e+00
3.61104e+00
3.61135e+00
3.61113e+00
3.61088e+00
3.61084e+00
3.61069e+00
3.61056e+00
3.61132e+00
3.61139e+00
3.61069e+00
3.61134e+00
3.55760e+00
3.55734e+00
3.55747e+00
3.55756e+00
3.55773e+00
3.55747e+00
3.55790e+00
3.55762e+00
3.55803e+00
3.55801e+00
3.55745e+00
3.55792e+00
3.55789e+00
3.55707e+00
3.55745e+00
3.55740e+00
3.55726e+00
3.55743e+00
3.55777e+00
3.55735e+00
3.55782e+00
3.55752e+00
3.55751e+00
3.55799e+00
3.55748e+00
3.55775e+00
3.55766e+00
3.55776e+00
3.55752e+00
3.55752e+00
3.55752e+00
3.55750e+00
3.55773e+00
3.55750e+00
3.55756e+00
3.55761e+00
3.55749e+00
3.55734e+00
3.55736e+00
3.55752e+00
3.55769e+00
3.55729e+00
3.55744e+00
3.55743e+00
3.55759e+00
3.55721e+00
3.55756e+00
3.55741e+00
3.55719e+00
3.55757e+00
3.55756e+00
3.55762e+00
3.55764e+00
3.55713e+00
3.55744e+00
3.55753e+00
3.55766e+00
3.55744e+00
3.55785e+00
3.55774e+00
3.51815e+00
3.51831e+00
3.51778e+00
3.51818e+00
3.51829e+00
3.51801e+00
3.51815e+00
3.51828e+00
3.51807e+00
3.51813e+00
3.51843e+00
3.51824e+00
3.51810e+00
3.51815e+00
3.51795e+00
3.51801e+00
3.51810e+00
3.51800e+00
3.51831e+00
3.51823e+00
3.51827e+00
3.51800e+00
3.51861e+00
3.51820e+00
3.51797e+00
3.51813e+00
3.51839e+00
3.51808e+00
3.51809e+00
3.51836e+00
3.51832e+00
3.51845e+00
3.51846e+00
3.51816e+00
3.51808e+00
3.51815e+00
3.51819e+00
3.51797e+00
3.51820e+00
3.51810e+00
3.51807e+00
3.51804e+00
3.51803e+00
3.51808e+00
3.51797e+00
3.51789e+00
3.51793e+00
3.51794e+00
3.51811e+00
3.51797e+00
3.51831e+00
3.51827e+00
3.51834e+00
3.51831e+00
3.51822e+00
3.51809e+00
3.51817e+00
3.51785e+00
3.51814e+00
3.51815e+00
