-1.12452e+02
-1.03907e+02
-1.11204e+02
-1.04434e+02
-1.06240e+02
-9.77732e+01
-1.04296e+02
-9.71347e+01
-1.01943e+02
-1.02392e+02
-9.25779e+01
-9.14570e+01
-9.75116e+01
-9.75171e+01
-1.04781e+02
-1.06832e+02
-1.03630e+02
-9.67539e+01
-9.75164e+01
-9.91314e+01
-9.48711e+01
-1.00809e+02
-1.17821e+02
-1.03034e+02
-1.01751e+02
-9.30278e+01
-1.14788e+02
-9.00681e+01
-9.40061e+01
-1.13791e+02
-1.12820e+02
-1.10535e+02
-1.09734e+02
-9.46270e+01
-1.09562e+02
-1.01969e+02
-1.00880e+02
-1.04986e+02
-1.08790e+02
-1.00367e+02
-1.17675e+02
-9.28273e+01
-1.17403e+02
-1.12132e+02
-1.01432e+02
-1.10636e+02
-1.06452e+02
-9.41808e+01
-1.15374e+02
-1.00893e+02
-9.10935e+01
-1.07756e+02
-9.77953e+01
-9.10183e+01
-1.08467e+02
-9.96160e+01
-1.01542e+02
-1.05372e+02
-9.62830e+01
-1.11157e+02
6.77076e+02
6.88520e+02
6.66951e+02
6.63758e+02
6.80136e+02
6.70619e+02
6.76565e+02
6.86013e+02
6.76924e+02
6.68374e+02
6.68579e+02
6.76375e+02
6.77013e+02
6.72018e+02
6.77521e+02
6.79524e+02
6.69239e+02
6.84943e+02
6.71262e+02
6.75582e+02
6.77738e+02
6.82963e+02
6.78060e+02
6.80557e+02
6.83934e+02
6.68931e+02
6.69963e+02
6.71350e+02
6.79219e+02
6.75672e+02
6.83873e+02
6.74120e+02
6.86037e+02
6.81977e+02
6.69022e+02
6.83966e+02
6.78953e+02
6.72950e+02
6.63510e+02
6.57896e+02
6.67937e+02
6.92892e+02
6.64498e+02
6.82254e+02
6.66476e+02
6.63243e+02
6.70477e+02
6.79880e+02
6.78411e+02
6.65856e+02
6.69764e+02
6.69440e+02
6.88481e+02
6.83818e+02
6.85519e+02
6.74078e+02
6.74316e+02
6.79692e+02
6.81144e+02
6.63982e+02
4.95719e+03
4.95896e+03
4.94195e+03
4.93216e+03
4.93703e+03
4.95068e+03
4.93132e+03
4.92352e+03
4.95451e+03
4.93673e+03
4.91564e+03
4.94350e+03
4.92737e+03
4.93300e+03
4.92889e+03
4.91479e+03
4.92703e+03
4.97944e+03
4.93617e+03
4.92316e+03
4.92850e+03
4.95213e+03
4.96089e+03
4.92411e+03
4.93242e+03
4.92628e+03
4.93019e+03
4.93455e+03
4.94068e+03
4.95372e+03
4.93888e+03
4.93538e+03
4.93490e+03
4.93224e+03
4.94931e+03
4.92728e+03
4.95510e+03
4.93160e+03
4.95315e+03
4.93757e+03
4.93172e+03
4.94849e+03
4.95025e+03
4.93499e+03
4.92769e+03
4.93737e+03
4.94934e+03
4.92486e+03
4.94547e+03
4.94784e+03
4.92041e+03
4.94308e+03
4.94302e+03
4.95454e+03
4.95874e+03
4.96443e+03
4.93514e+03
4.92735e+03
4.95515e+03
4.93614e+03
7.23014e+03
7.23067e+03
7.22760e+03
7.23734e+03
7.21821e+03
7.23318e+03
7.21021e+03
7.23616e+03
7.20157e+03
7.20514e+03
7.23491e+03
7.21724e+03
7.21579e+03
7.25590e+03
7.24393e+03
7.23248e+03
7.25247e+03
7.23301e+03
7.21727e+03
7.23674e+03
7.21003e+03
7.22937e+03
7.23630e+03
7.20351e+03
7.23041e+03
7.21135e+03
7.22015e+03
7.22672e+03
7.22870e+03
7.23502e+03
7.23353e+03
7.24211e+03
7.21839e+03
7.22533e+03
7.22048e+03
7.22866e+03
7.23855e+03
7.23204e+03
7.23645e+03
7.24586e+03
7.21944e+03
7.24394e+03
7.23607e+03
7.23225e+03
7.22947e+03
7.25716e+03
7.23136e+03
7.23995e+03
7.25194e+03
7.23674e+03
7.24050e+03
7.22261e+03
7.22282e+03
7.25513e+03
7.23144e+03
7.23311e+03
7.22429e+03
7.24006e+03
7.21299e+03
7.21919e+03
9.47932e+03
9.46562e+03
9.49741e+03
9.47516e+03
9.46370e+03
9.49190e+03
9.48417e+03
9.44899e+03
9.48642e+03
9.48022e+03
9.46411e+03
9.47590e+03
9.48580e+03
9.48849e+03
9.49627e+03
9.47858e+03
9.48083e+03
9.48900e+03
9.47521e+03
9.46946e+03
9.46315e+03
9.50267e+03
9.44557e+03
9.47599e+03
9.49668e+03
9.49762e+03
9.46046e+03
9.48294e+03
9.47356e+03
9.46833e+03
9.46452e+03
9.46395e+03
9.46246e+03
9.47132e+03
9.48136e+03
9.47402e+03
9.46912e+03
9.48629e+03
9.47281e+03
9.48581e+03
9.48159e+03
9.47915e+03
9.48561e+03
9.48058e+03
9.48625e+03
9.48996e+03
9.50696e+03
9.48232e+03
9.47733e+03
9.48565e+03
9.46454e+03
9.47958e+03
9.47493e+03
9.46294e+03
9.46481e+03
9.48466e+03
9.47312e+03
9.48525e+03
9.45883e+03
9.48938e+03
