-1.48220e+02
-1.44389e+02
-1.45712e+02
-1.49647e+02
-1.46896e+02
-1.58025e+02
-1.49225e+02
-1.53594e+02
-1.54241e+02
-1.47721e+02
-1.46352e+02
-1.49295e+02
-1.50031e+02
-1.49492e+02
-1.57917e+02
-1.56492e+02
-1.49507e+02
-1.41241e+02
-1.48982e+02
-1.52160e+02
-1.53017e+02
-1.53891e+02
-1.52251e+02
-1.48879e+02
-1.43508e+02
-1.52597e+02
-1.52532e+02
-1.56052e+02
-1.46150e+02
-1.49309e+02
-1.41545e+02
-1.51766e+02
-1.54687e+02
-1.55170e+02
-1.44825e+02
-1.47655e+02
-1.48247e+02
-1.45886e+02
-1.49944e+02
-1.54248e+02
-1.53906e+02
-1.53664e+02
-1.46336e+02
-1.55149e+02
-1.53287e+02
-1.43316e+02
-1.46714e+02
-1.53942e+02
-1.46266e+02
-1.49777e+02
-1.55510e+02
-1.47029e+02
-1.45696e+02
-1.50151e+02
-1.50135e+02
-1.53024e+02
-1.54023e+02
-1.48103e+02
-1.46401e+02
-1.46434e+02
-1.08588e+02
-1.07414e+02
-1.05029e+02
-1.10729e+02
-1.07292e+02
-1.09519e+02
-1.05928e+02
-1.07087e+02
-1.03226e+02
-1.09179e+02
-1.06084e+02
-1.01685e+02
-1.14628e+02
-1.03724e+02
-1.02452e+02
-1.10392e+02
-1.04779e+02
-1.09622e+02
-1.14012e+02
-1.07810e+02
-1.06083e+02
-1.05261e+02
-1.04919e+02
-1.17053e+02
-1.06438e+02
-1.08150e+02
-1.09807e+02
-1.04116e+02
-1.07102e+02
-1.01403e+02
-1.08096e+02
-1.05819e+02
-1.06942e+02
-1.06134e+02
-1.08555e+02
-1.06323e+02
-1.05724e+02
-1.03121e+02
-1.13627e+02
-1.09848e+02
-1.05423e+02
-1.06104e+02
-1.11335e+02
-1.08296e+02
-1.09389e+02
-1.09071e+02
-1.07257e+02
-1.08572e+02
-1.07931e+02
-1.07196e+02
-1.08092e+02
-1.07229e+02
-1.03516e+02
-1.07724e+02
-1.05176e+02
-1.12069e+02
-1.10346e+02
-1.02335e+02
-1.06925e+02
-1.09469e+02
-7.34554e+01
-7.11039e+01
-7.52164e+01
-7.43049e+01
-7.35137e+01
-7.54273e+01
-7.12497e+01
-7.96024e+01
-7.30614e+01
-7.53522e+01
-7.34615e+01
-7.28433e+01
-6.91615e+01
-7.31421e+01
-7.64938e+01
-7.00631e+01
-7.49830e+01
-7.10837e+01
-7.18028e+01
-7.12329e+01
-7.06544e+01
-7.75683e+01
-7.80665e+01
-7.11905e+01
-7.73140e+01
-7.34157e+01
-7.53892e+01
-7.78271e+01
-7.49864e+01
-7.14224e+01
-7.18812e+01
-7.33795e+01
-7.80439e+01
-7.35362e+01
-6.94733e+01
-7.92456e+01
-6.94437e+01
-6.72434e+01
-7.10012e+01
-6.82283e+01
-7.12548e+01
-6.86817e+01
-7.11307e+01
-7.24057e+01
-7.44959e+01
-7.24232e+01
-7.01103e+01
-7.95572e+01
-7.21568e+01
-6.98967e+01
-7.58285e+01
-7.37926e+01
-7.32057e+01
-7.32803e+01
-7.97061e+01
-7.23826e+01
-7.33619e+01
-6.88408e+01
-7.00318e+01
-7.21671e+01
-5.21446e+01
-5.21506e+01
-5.12099e+01
-5.23355e+01
-5.09348e+01
-5.27971e+01
-5.68251e+01
-5.62054e+01
-5.74456e+01
-5.23395e+01
-4.99125e+01
-5.31178e+01
-5.51516e+01
-5.09303e+01
-4.96348e+01
-5.51787e+01
-5.27610e+01
-5.31393e+01
-5.61075e+01
-5.65465e+01
-5.19268e+01
-5.29784e+01
-5.11367e+01
-5.12467e+01
-4.66333e+01
-5.47260e+01
-5.00264e+01
-5.48382e+01
-4.96553e+01
-5.08427e+01
-5.38264e+01
-5.18236e+01
-5.42234e+01
-5.36463e+01
-5.63637e+01
-5.43427e+01
-5.48819e+01
-5.29495e+01
-5.65038e+01
-5.19185e+01
-5.26831e+01
-5.10463e+01
-5.34579e+01
-5.62631e+01
-5.19299e+01
-5.21178e+01
-5.59795e+01
-5.14878e+01
-5.25142e+01
-5.44349e+01
-4.94462e+01
-5.35942e+01
-5.81255e+01
-5.19903e+01
-5.33607e+01
-5.28196e+01
-5.41178e+01
-4.76115e+01
-5.30882e+01
-5.79158e+01
-3.93447e+01
-3.99948e+01
-3.90332e+01
-3.91537e+01
-3.42868e+01
-3.82362e+01
-3.73339e+01
-3.87901e+01
-3.71446e+01
-3.70191e+01
-3.24088e+01
-3.75827e+01
-3.64362e+01
-3.74862e+01
-4.03895e+01
-3.46871e+01
-3.96562e+01
-3.63264e+01
-4.24293e+01
-3.57882e+01
-3.99026e+01
-4.05373e+01
-3.88178e+01
-3.82086e+01
-3.85887e+01
-3.54878e+01
-3.89517e+01
-3.86245e+01
-4.05319e+01
-4.01518e+01
-3.50819e+01
-3.77711e+01
-3.95340e+01
-3.61591e+01
-3.85860e+01
-4.11967e+01
-3.83036e+01
-3.75613e+01
-3.56823e+01
-3.94961e+01
-4.02881e+01
-3.79232e+01
-3.64234e+01
-3.98443e+01
-4.16590e+01
-3.80532e+01
-4.01636e+01
-3.77151e+01
-3.76500e+01
-3.97764e+01
-4.14560e+01
-3.60249e+01
-3.69896e+01
-3.52251e+01
-3.95713e+01
-3.90291e+01
-3.87188e+01
-3.86527e+01
-3.66253e+01
-3.55449e+01
