-7.45690e+01
-7.08636e+01
-7.30966e+01
-7.27311e+01
-7.07822e+01
-6.69866e+01
-7.20323e+01
-7.48085e+01
-7.31435e+01
-8.06844e+01
-7.20535e+01
-6.42910e+01
-6.17467e+01
-6.67875e+01
-6.77960e+01
-7.42190e+01
-7.87691e+01
-6.55552e+01
-7.42492e+01
-6.98750e+01
-6.94846e+01
-7.86236e+01
-6.65082e+01
-6.51079e+01
-7.89099e+01
-6.88815e+01
-8.12163e+01
-7.00873e+01
-7.90217e+01
-7.91366e+01
-6.48199e+01
-7.89523e+01
-7.49501e+01
-7.58957e+01
-7.32999e+01
-6.63129e+01
-7.38079e+01
-6.84678e+01
-7.58704e+01
-7.18996e+01
-7.14633e+01
-7.21730e+01
-7.48782e+01
-6.68394e+01
-8.43654e+01
-7.11665e+01
-7.21338e+01
-6.51887e+01
-6.81561e+01
-6.87878e+01
-6.78249e+01
-7.01928e+01
-7.03596e+01
-7.55322e+01
-5.83611e+01
-7.48952e+01
-7.16761e+01
-7.13700e+01
-7.19234e+01
-7.62730e+01
-3.77371e+01
-4.19784e+01
-4.31064e+01
-4.04653e+01
-3.69107e+01
-4.31372e+01
-3.38310e+01
-4.73696e+01
-3.70494e+01
-4.37699e+01
-3.80811e+01
-4.60992e+01
-5.05291e+01
-4.34374e+01
-4.40386e+01
-4.61997e+01
-3.89808e+01
-4.48322e+01
-4.77939e+01
-4.74222e+01
-4.37377e+01
-4.48559e+01
-4.72752e+01
-4.35880e+01
-5.00419e+01
-4.24802e+01
-4.12703e+01
-4.14471e+01
-3.98948e+01
-3.26576e+01
-4.54097e+01
-4.18292e+01
-4.99045e+01
-4.57872e+01
-4.24969e+01
-4.93762e+01
-3.74434e+01
-4.72098e+01
-4.55864e+01
-4.09449e+01
-4.60666e+01
-4.80950e+01
-3.97059e+01
-4.12993e+01
-3.61321e+01
-4.59175e+01
-4.16346e+01
-4.24620e+01
-4.72333e+01
-4.26754e+01
-3.97292e+01
-4.57172e+01
-3.88928e+01
-4.11328e+01
-3.77023e+01
-4.92325e+01
-3.97673e+01
-4.14945e+01
-3.78415e+01
-4.27205e+01
-2.89452e+01
-2.43405e+01
-2.90197e+01
-2.75937e+01
-3.61172e+01
-3.61285e+01
-2.60214e+01
-3.20287e+01
-2.91241e+01
-2.21476e+01
-2.61043e+01
-3.07057e+01
-3.37043e+01
-2.85787e+01
-2.99217e+01
-3.39828e+01
-3.03152e+01
-3.08235e+01
-3.36088e+01
-3.52511e+01
-3.65816e+01
-3.33584e+01
-3.03021e+01
-2.71209e+01
-3.14493e+01
-2.97130e+01
-3.02205e+01
-2.94979e+01
-2.86493e+01
-3.06602e+01
-3.38918e+01
-2.73260e+01
-3.01871e+01
-3.25114e+01
-3.03340e+01
-3.33809e+01
-3.47566e+01
-2.83575e+01
-2.96494e+01
-3.28514e+01
-3.50414e+01
-2.40786e+01
-3.05031e+01
-3.13619e+01
-3.20865e+01
-2.56941e+01
-3.28549e+01
-3.11236e+01
-3.06596e+01
-3.30327e+01
-3.31963e+01
-3.37255e+01
-3.00225e+01
-2.96616e+01
-2.57957e+01
-2.98637e+01
-2.46200e+01
-2.99143e+01
-3.48758e+01
-2.80996e+01
-2.23259e+01
-1.58193e+01
-2.17826e+01
-2.12116e+01
-1.64508e+01
-1.88347e+01
-2.43320e+01
-1.71098e+01
-1.99538e+01
-2.17697e+01
-1.75936e+01
-1.48717e+01
-1.77454e+01
-1.87561e+01
-1.93367e+01
-1.69766e+01
-1.83043e+01
-2.00483e+01
-1.98088e+01
-2.04817e+01
-2.28356e+01
-1.68620e+01
-2.19188e+01
-1.93108e+01
-1.84630e+01
-2.08851e+01
-1.76958e+01
-1.87766e+01
-1.70411e+01
-1.89449e+01
-1.85622e+01
-1.83298e+01
-1.66245e+01
-2.17183e+01
-2.32123e+01
-2.25870e+01
-1.89882e+01
-2.07808e+01
-1.87597e+01
-1.52539e+01
-1.94354e+01
-1.96990e+01
-2.10592e+01
-1.57033e+01
-1.95882e+01
-1.86357e+01
-2.10148e+01
-1.61697e+01
-1.98574e+01
-1.55610e+01
-1.80584e+01
-1.66731e+01
-2.02743e+01
-1.82520e+01
-1.76226e+01
-2.00392e+01
-1.85732e+01
-1.60994e+01
-1.91769e+01
-1.91044e+01
-9.76386e+00
-1.01629e+01
-9.04874e+00
-1.13976e+01
-1.05240e+01
-9.54360e+00
-1.01027e+01
-1.26711e+01
-7.18191e+00
-9.91225e+00
-1.32247e+01
-4.66912e+00
-1.00645e+01
-1.15802e+01
-7.49604e+00
-6.88230e+00
-7.88751e+00
-9.08431e+00
-1.16496e+01
-7.11030e+00
-1.00628e+01
-1.07403e+01
-4.20746e+00
-1.27810e+01
-1.07305e+01
-1.11035e+01
-9.11923e+00
-7.22760e+00
-1.05224e+01
-9.86898e+00
-1.09658e+01
-9.46166e+00
-9.92069e+00
-1.26124e+01
-1.24438e+01
-1.10816e+01
-9.32089e+00
-5.91903e+00
-1.07733e+01
-7.59030e+00
-1.02079e+01
-8.41851e+00
-1.29492e+01
-8.27497e+00
-8.36061e+00
-4.39513e+00
-9.64178e+00
-8.22956e+00
-7.50883e+00
-6.22543e+00
-9.92291e+00
-1.14780e+01
-7.11456e+00
-8.53494e+00
-1.03408e+01
-8.12962e+00
-9.15705e+00
-9.78754e+00
-1.08272e+01
-1.35235e+01
