2.41924e+02
2.33973e+02
2.35035e+02
2.36777e+02
2.41772e+02
2.39982e+02
2.42341e+02
2.39520e+02
2.33684e+02
2.35937e+02
2.39271e+02
2.36129e+02
2.36508e+02
2.37769e+02
2.39244e+02
2.37614e+02
2.43276e+02
2.40406e+02
2.31806e+02
2.40908e+02
2.38599e+02
2.33855e+02
2.41555e+02
2.41782e+02
2.43347e+02
2.40673e+02
2.36416e+02
2.37352e+02
2.30304e+02
2.37874e+02
2.40852e+02
2.42005e+02
2.34052e+02
2.33309e+02
2.34770e+02
2.36711e+02
2.41618e+02
2.30752e+02
2.34593e+02
2.37985e+02
2.37206e+02
2.34179e+02
2.35893e+02
2.36488e+02
2.33430e+02
2.40038e+02
2.39189e+02
2.35245e+02
2.36878e+02
2.37400e+02
2.39585e+02
2.36347e+02
2.39322e+02
2.31942e+02
2.36567e+02
2.41691e+02
2.40079e+02
2.38190e+02
2.34301e+02
2.35847e+02
1.66526e+02
1.62870e+02
1.64115e+02
1.63644e+02
1.61731e+02
1.63534e+02
1.59086e+02
1.63182e+02
1.59067e+02
1.63042e+02
1.61494e+02
1.67535e+02
1.62374e+02
1.63388e+02
1.61905e+02
1.62365e+02
1.58020e+02
1.62153e+02
1.59656e+02
1.60253e+02
1.67221e+02
1.62384e+02
1.56310e+02
1.67177e+02
1.66300e+02
1.56925e+02
1.64166e+02
1.66845e+02
1.61975e+02
1.63136e+02
1.63373e+02
1.59379e+02
1.64700e+02
1.62273e+02
1.59942e+02
1.56086e+02
1.68789e+02
1.62847e+02
1.61100e+02
1.62784e+02
1.65756e+02
1.63747e+02
1.62609e+02
1.58561e+02
1.56775e+02
1.59114e+02
1.65432e+02
1.56301e+02
1.66342e+02
1.61358e+02
1.56403e+02
1.60645e+02
1.60371e+02
1.65028e+02
1.64334e+02
1.65401e+02
1.65363e+02
1.58630e+02
1.67453e+02
1.61783e+02
1.20417e+02
1.18105e+02
1.21252e+02
1.20636e+02
1.20309e+02
1.21980e+02
1.21946e+02
1.22748e+02
1.24366e+02
1.17877e+02
1.23539e+02
1.20715e+02
1.16508e+02
1.22388e+02
1.23305e+02
1.22198e+02
1.22912e+02
1.17524e+02
1.22079e+02
1.19112e+02
1.25312e+02
1.23608e+02
1.23470e+02
1.19794e+02
1.22688e+02
1.22258e+02
1.25524e+02
1.25985e+02
1.20463e+02
1.23445e+02
1.18065e+02
1.21107e+02
1.22315e+02
1.20093e+02
1.23529e+02
1.24180e+02
1.15558e+02
1.17805e+02
1.19158e+02
1.21765e+02
1.21903e+02
1.23937e+02
1.23420e+02
1.21936e+02
1.18496e+02
1.18992e+02
1.19184e+02
1.23429e+02
1.18038e+02
1.23899e+02
1.24318e+02
1.23905e+02
1.20968e+02
1.27678e+02
1.26369e+02
1.19944e+02
1.19941e+02
1.19860e+02
1.20283e+02
1.22687e+02
9.32004e+01
9.39562e+01
9.60575e+01
9.40919e+01
9.36023e+01
9.13417e+01
9.19041e+01
9.06599e+01
9.44090e+01
9.27999e+01
9.08786e+01
9.40598e+01
9.14149e+01
9.36163e+01
9.10482e+01
9.38264e+01
9.15549e+01
9.35849e+01
9.38877e+01
8.99918e+01
9.12901e+01
9.17835e+01
9.53634e+01
9.66221e+01
9.39469e+01
9.43652e+01
9.31415e+01
9.51930e+01
9.65395e+01
9.29799e+01
9.38839e+01
9.37686e+01
9.15782e+01
9.85243e+01
9.52703e+01
9.36166e+01
9.51993e+01
9.20845e+01
9.41816e+01
9.47143e+01
9.24268e+01
9.11277e+01
9.25263e+01
9.14252e+01
9.22403e+01
9.18535e+01
9.11486e+01
9.25012e+01
9.14903e+01
9.07318e+01
9.24142e+01
9.50644e+01
9.19626e+01
9.29923e+01
9.14789e+01
9.16864e+01
9.48891e+01
9.35331e+01
9.33847e+01
9.48974e+01
7.04345e+01
6.98724e+01
6.84279e+01
6.68176e+01
6.84662e+01
6.88880e+01
6.78207e+01
6.76897e+01
6.88665e+01
6.72274e+01
6.56404e+01
6.74505e+01
6.93571e+01
6.68016e+01
6.92570e+01
6.67712e+01
6.90908e+01
6.59746e+01
7.14955e+01
6.74817e+01
6.81841e+01
6.43191e+01
6.50046e+01
6.58895e+01
6.89305e+01
6.87711e+01
6.84007e+01
6.72886e+01
6.60337e+01
6.63989e+01
6.94307e+01
6.75224e+01
7.05423e+01
6.89979e+01
7.10985e+01
7.24350e+01
6.75439e+01
6.90009e+01
6.58104e+01
6.73395e+01
6.83758e+01
6.79692e+01
6.94999e+01
6.75424e+01
6.78218e+01
6.90738e+01
6.80871e+01
6.61611e+01
6.84702e+01
6.64225e+01
6.91628e+01
6.75532e+01
6.88613e+01
6.73403e+01
6.83419e+01
6.72522e+01
6.69503e+01
6.61461e+01
6.80016e+01
6.77183e+01
