-9.72027e+00
-1.13316e+01
-6.58186e+00
-1.11372e+01
-5.28317e+00
-7.35993e+00
-1.25681e+01
-6.54410e+00
-8.44958e+00
-7.97772e+00
-9.12121e+00
-8.55009e+00
-6.94948e+00
-1.12079e+01
-1.25407e+01
-1.03112e+01
-1.04415e+01
-1.09871e+01
-9.68834e+00
-4.88009e+00
-7.30613e+00
-1.13130e+01
-1.12879e+01
-1.22849e+01
-1.14154e+01
-1.26737e+01
-9.29668e+00
-1.45378e+01
-4.67475e+00
-1.09418e+01
-1.35265e+01
-6.35095e+00
-8.15843e+00
-6.58410e+00
-8.09244e+00
-7.45126e+00
-9.74797e+00
-1.46357e+01
-1.41563e+01
-1.03855e+01
-1.01483e+01
-1.12622e+01
-1.25960e+01
-1.19129e+01
-6.18208e+00
-1.16085e+01
-9.16783e+00
-6.77227e+00
-5.27126e+00
-1.08130e+01
-1.60637e+01
-7.69299e+00
-1.63340e+01
-7.12152e+00
