7.71144e+01
9.30312e+01
7.34658e+01
7.75248e+01
8.82298e+01
9.36413e+01
7.87641e+01
8.22302e+01
7.62558e+01
7.85629e+01
8.11511e+01
9.39672e+01
9.15375e+01
8.50718e+01
7.83698e+01
8.59276e+01
7.69276e+01
7.30714e+01
8.23489e+01
8.22309e+01
8.33755e+01
8.87220e+01
8.09894e+01
7.61565e+01
7.75789e+01
8.78182e+01
8.44656e+01
7.68083e+01
9.64489e+01
9.09888e+01
7.58497e+01
8.09247e+01
8.59333e+01
7.85226e+01
7.58864e+01
9.25364e+01
8.94390e+01
8.35070e+01
7.48027e+01
9.13339e+01
1.05909e+02
8.11783e+01
8.49154e+01
8.57678e+01
8.01788e+01
7.76354e+01
9.19445e+01
8.95662e+01
7.57155e+01
8.27688e+01
8.89525e+01
8.70078e+01
8.74879e+01
7.26540e+01
8.35662e+01
7.93394e+01
8.03268e+01
8.07835e+01
7.88246e+01
9.16847e+01
9.19106e+01
8.71134e+01
8.65932e+01
9.70494e+01
7.18987e+01
8.68347e+01
8.56478e+01
9.21122e+01
8.86720e+01
9.91850e+01
8.06401e+01
8.97337e+01
6.94339e+01
9.36447e+01
8.97377e+01
8.68398e+01
8.71927e+01
8.98386e+01
8.22122e+01
9.30243e+01
8.31952e+01
8.67792e+01
8.63662e+01
8.24711e+01
8.57319e+01
8.91566e+01
8.73275e+01
9.64476e+01
8.57458e+01
7.99073e+01
8.24772e+01
8.47714e+01
8.62762e+01
8.87548e+01
8.41489e+01
7.88396e+01
7.30540e+01
8.29359e+01
8.21219e+01
8.13661e+01
8.05891e+01
8.79525e+01
9.53736e+01
8.83254e+01
7.95340e+01
7.33222e+01
8.23387e+01
9.59477e+01
9.23454e+01
8.06756e+01
7.80820e+01
9.85478e+01
7.40674e+01
8.25546e+01
9.26228e+01
9.15530e+01
8.45356e+01
8.89017e+01
8.95088e+01
7.67390e+01
8.57122e+01
8.01162e+01
8.72462e+01
8.79903e+01
9.06273e+01
8.01826e+01
8.93974e+01
8.47051e+01
8.24392e+01
8.86033e+01
7.98492e+01
8.32013e+01
9.41480e+01
8.45402e+01
7.72063e+01
8.51113e+01
8.97740e+01
8.90408e+01
8.38212e+01
8.49810e+01
8.32925e+01
8.14880e+01
9.31499e+01
8.27634e+01
9.77477e+01
8.98161e+01
8.01804e+01
8.50842e+01
9.62637e+01
8.13473e+01
8.44464e+01
7.89315e+01
9.22013e+01
9.47245e+01
8.32500e+01
7.72900e+01
8.72596e+01
7.46534e+01
8.29763e+01
9.89281e+01
8.06981e+01
9.27866e+01
7.54764e+01
9.12934e+01
8.96575e+01
8.04283e+01
9.11998e+01
7.44318e+01
9.44306e+01
8.33502e+01
9.03276e+01
7.34324e+01
8.56366e+01
9.60592e+01
8.22088e+01
9.41630e+01
8.03598e+01
9.63676e+01
8.99268e+01
8.71399e+01
8.89284e+01
8.68097e+01
8.40212e+01
7.55358e+01
8.74672e+01
9.13682e+01
8.81844e+01
8.02767e+01
8.29565e+01
8.68652e+01
8.23792e+01
8.43787e+01
7.53125e+01
9.01227e+01
8.69332e+01
7.79708e+01
8.76648e+01
8.61392e+01
7.66605e+01
8.73349e+01
8.83892e+01
8.42923e+01
8.11881e+01
9.51469e+01
8.10387e+01
8.16534e+01
8.70111e+01
8.44186e+01
8.88100e+01
8.42674e+01
8.61112e+01
8.87047e+01
8.53839e+01
8.69475e+01
8.58780e+01
9.40415e+01
8.79920e+01
7.75136e+01
8.44514e+01
7.97746e+01
9.81428e+01
9.28014e+01
8.84734e+01
9.38010e+01
8.32789e+01
8.45368e+01
8.11727e+01
8.35143e+01
8.15420e+01
7.94664e+01
8.11374e+01
7.91789e+01
8.64181e+01
7.86369e+01
8.25894e+01
7.72638e+01
8.43539e+01
8.36244e+01
8.21951e+01
8.16716e+01
7.60753e+01
8.02041e+01
8.19318e+01
7.50013e+01
7.35203e+01
7.39011e+01
7.32302e+01
7.73480e+01
7.21414e+01
7.72362e+01
8.15752e+01
7.11456e+01
7.25061e+01
6.71780e+01
8.02562e+01
7.34587e+01
8.10438e+01
7.26743e+01
7.91365e+01
7.04609e+01
8.09736e+01
6.32802e+01
7.66306e+01
8.05729e+01
7.70635e+01
7.38487e+01
7.73014e+01
7.62924e+01
7.73824e+01
7.97562e+01
8.21264e+01
7.83456e+01
8.20094e+01
7.91328e+01
8.64492e+01
7.72592e+01
8.47590e+01
7.80639e+01
7.97298e+01
7.53668e+01
8.68950e+01
8.15323e+01
8.22403e+01
7.90086e+01
8.07510e+01
8.27343e+01
7.60455e+01
7.93266e+01
8.23728e+01
7.68043e+01
8.03453e+01
7.33593e+01
7.58030e+01
8.26507e+01
8.31663e+01
7.66194e+01
7.27583e+01
7.50125e+01
8.26108e+01
7.94108e+01
