-4.27922e+00
-1.99730e+00
-2.07701e+00
-5.00466e+00
-3.86764e+00
-3.07012e+00
-8.48136e-01
-8.14502e-01
-2.99833e-01
-2.23475e-01
-1.37338e+00
-5.60547e+00
-4.00922e+00
-1.23965e+00
-4.10176e-02
6.27006e-03
-6.86254e-01
-1.31666e+00
9.09644e-01
-1.39045e-01
2.35192e+00
3.25187e+00
-4.20921e+00
1.76570e-01
-2.82540e+00
-1.28891e+00
-3.07810e+00
-3.76754e+00
-2.37776e+00
1.53821e+00
-8.27063e-01
-8.00231e-01
1.57948e+00
-1.40422e+00
9.98225e-01
-1.39083e+00
-6.97425e-01
-3.17143e+00
-2.84026e-01
-2.79478e-01
1.27185e+00
1.33052e+00
-1.31865e+00
-7.69812e-01
-3.39473e+00
-4.23799e+00
-1.29744e+00
-1.25622e+00
-2.50719e-01
-3.21668e-01
2.84362e+00
-2.83648e+00
-1.56571e+00
-9.47698e-01
7.15744e-01
-1.26133e+00
-3.48947e+00
1.59059e+00
-1.88739e+00
1.91993e+00
4.05494e+02
4.06003e+02
4.07845e+02
4.06491e+02
4.02707e+02
4.05840e+02
4.04770e+02
4.00215e+02
4.07324e+02
4.01468e+02
4.04562e+02
4.02915e+02
4.03508e+02
4.05544e+02
3.99418e+02
4.07444e+02
4.01522e+02
4.04871e+02
4.07771e+02
4.02941e+02
4.06236e+02
4.04965e+02
4.02292e+02
4.02856e+02
4.04862e+02
4.02622e+02
4.06258e+02
4.07957e+02
4.06560e+02
4.07121e+02
4.04128e+02
4.05803e+02
4.04159e+02
4.06458e+02
4.02205e+02
4.07795e+02
4.02751e+02
4.06450e+02
4.05911e+02
4.02307e+02
4.07904e+02
4.02792e+02
4.03304e+02
4.03924e+02
4.01255e+02
4.10837e+02
4.05438e+02
4.01161e+02
4.03506e+02
4.03941e+02
4.07086e+02
4.04635e+02
4.08339e+02
4.06313e+02
4.05160e+02
4.04931e+02
4.06568e+02
4.07253e+02
4.01829e+02
4.05036e+02
1.56514e+03
1.56189e+03
1.56144e+03
1.55773e+03
1.55834e+03
1.55864e+03
1.56320e+03
1.56197e+03
1.55756e+03
1.55937e+03
1.55443e+03
1.56010e+03
1.55857e+03
1.55725e+03
1.55730e+03
1.56443e+03
1.55906e+03
1.56493e+03
1.56620e+03
1.56130e+03
1.55628e+03
1.56057e+03
1.55549e+03
1.56297e+03
1.56168e+03
1.56308e+03
1.55990e+03
1.55834e+03
1.56062e+03
1.55794e+03
1.55675e+03
1.55878e+03
1.56175e+03
1.56263e+03
1.55957e+03
1.56634e+03
1.55707e+03
1.56439e+03
1.55909e+03
1.56147e+03
1.56507e+03
1.56440e+03
1.55279e+03
1.56178e+03
1.56609e+03
1.55905e+03
1.56165e+03
1.56022e+03
1.55549e+03
1.55993e+03
1.56149e+03
1.55281e+03
1.56097e+03
1.56353e+03
1.55757e+03
1.56028e+03
1.55411e+03
1.56099e+03
1.56321e+03
1.56148e+03
4.66631e+03
4.66586e+03
4.65763e+03
4.65864e+03
4.66949e+03
4.66027e+03
4.66233e+03
4.67061e+03
4.66531e+03
4.66432e+03
4.66697e+03
4.67144e+03
4.66282e+03
4.66464e+03
4.67503e+03
4.66850e+03
4.66543e+03
4.66841e+03
4.67100e+03
4.66633e+03
4.65534e+03
4.66507e+03
4.66817e+03
4.66778e+03
4.66151e+03
4.66807e+03
4.66414e+03
4.66969e+03
4.66165e+03
4.66357e+03
4.66423e+03
4.66963e+03
4.66529e+03
4.67155e+03
4.66477e+03
4.66764e+03
4.66005e+03
4.67705e+03
4.65581e+03
4.66313e+03
4.66993e+03
4.66917e+03
4.66026e+03
4.66651e+03
4.66543e+03
4.67447e+03
4.65525e+03
4.66576e+03
4.66441e+03
4.66310e+03
4.66311e+03
4.66484e+03
4.66761e+03
4.66755e+03
4.66334e+03
4.66897e+03
4.67923e+03
4.66169e+03
4.66979e+03
4.65854e+03
1.29552e+04
1.29774e+04
1.29470e+04
1.29461e+04
1.29477e+04
1.29537e+04
1.29619e+04
1.29609e+04
1.29514e+04
1.29435e+04
1.29457e+04
1.29482e+04
1.29362e+04
1.29550e+04
1.29501e+04
1.29358e+04
1.29470e+04
1.29449e+04
1.29343e+04
1.29508e+04
1.29649e+04
1.29561e+04
1.29621e+04
1.29475e+04
1.29661e+04
1.29490e+04
1.29800e+04
1.29323e+04
1.29517e+04
1.29438e+04
1.29519e+04
1.29584e+04
1.29505e+04
1.29492e+04
1.29491e+04
1.29509e+04
1.29624e+04
1.29689e+04
1.29439e+04
1.29556e+04
1.29659e+04
1.29381e+04
1.29535e+04
1.29469e+04
1.29460e+04
1.29663e+04
1.29492e+04
1.29589e+04
1.29585e+04
1.29549e+04
1.29469e+04
1.29516e+04
1.29530e+04
1.29507e+04
1.29533e+04
1.29507e+04
1.29388e+04
1.29503e+04
1.29484e+04
1.29542e+04
9.25322e+03
9.25124e+03
9.25686e+03
9.25596e+03
9.24658e+03
9.26852e+03
9.24599e+03
9.23295e+03
9.24642e+03
9.25048e+03
9.26202e+03
9.23922e+03
9.25925e+03
9.24698e+03
9.24699e+03
9.24941e+03
9.23845e+03
9.25804e+03
9.25256e+03
9.24825e+03
9.25333e+03
9.23860e+03
9.25870e+03
9.25794e+03
9.24878e+03
9.24615e+03
9.25139e+03
9.26412e+03
9.24857e+03
9.25332e+03
9.25504e+03
9.25595e+03
9.25193e+03
9.25683e+03
9.23580e+03
9.25662e+03
9.25970e+03
9.24844e+03
9.25470e+03
9.25171e+03
9.24626e+03
9.26128e+03
9.24756e+03
9.24312e+03
9.24233e+03
9.26152e+03
9.24414e+03
9.24413e+03
9.25713e+03
9.24777e+03
9.25049e+03
9.24747e+03
9.24989e+03
9.24430e+03
9.24912e+03
9.25149e+03
9.25387e+03
9.24157e+03
9.25031e+03
9.25507e+03
6.58030e+03
6.57953e+03
6.58474e+03
6.58881e+03
6.59832e+03
6.58971e+03
6.60072e+03
6.59436e+03
6.58488e+03
6.58299e+03
6.59010e+03
6.60008e+03
6.58227e+03
6.58238e+03
6.58833e+03
6.58016e+03
6.58834e+03
6.58181e+03
6.58518e+03
6.59265e+03
6.58675e+03
6.57931e+03
6.59665e+03
6.57825e+03
6.58651e+03
6.58151e+03
6.57957e+03
6.59237e+03
6.58294e+03
6.59932e+03
6.58044e+03
6.59427e+03
6.58463e+03
6.58544e+03
6.58528e+03
6.59519e+03
6.58646e+03
6.57812e+03
6.57869e+03
6.58851e+03
6.58382e+03
6.58918e+03
6.58571e+03
6.57851e+03
6.58706e+03
6.58447e+03
6.58777e+03
6.59805e+03
6.59289e+03
6.58430e+03
6.58258e+03
6.59097e+03
6.58016e+03
6.59631e+03
6.58899e+03
6.59160e+03
6.58721e+03
6.58751e+03
6.57983e+03
6.57813e+03
3.27587e+03
3.28589e+03
3.28299e+03
3.27945e+03
3.28120e+03
3.27372e+03
3.28236e+03
3.28198e+03
3.28344e+03
3.28434e+03
3.27776e+03
3.27705e+03
3.27947e+03
3.27332e+03
3.28446e+03
3.27686e+03
3.28382e+03
3.27789e+03
3.27772e+03
3.27932e+03
3.28097e+03
3.28225e+03
3.27861e+03
3.27929e+03
3.28181e+03
3.27705e+03
3.28027e+03
3.27897e+03
3.27000e+03
3.28365e+03
3.27819e+03
3.27993e+03
3.28138e+03
3.27944e+03
3.28646e+03
3.28045e+03
3.28321e+03
3.28396e+03
3.28238e+03
3.28197e+03
3.28128e+03
3.27300e+03
3.28447e+03
3.27743e+03
3.27206e+03
3.28499e+03
3.28435e+03
3.28422e+03
3.28214e+03
3.27637e+03
3.28510e+03
3.28418e+03
3.28000e+03
3.28000e+03
3.27853e+03
3.28078e+03
3.28110e+03
3.28192e+03
3.28232e+03
3.28816e+03
2.26998e+03
2.28487e+03
2.27128e+03
2.27465e+03
2.27652e+03
2.27829e+03
2.28701e+03
2.27915e+03
2.27936e+03
2.27619e+03
2.27900e+03
2.27993e+03
2.27712e+03
2.27670e+03
2.27723e+03
2.28447e+03
2.27485e+03
2.27750e+03
2.27510e+03
2.27576e+03
2.28757e+03
2.27983e+03
2.27409e+03
2.29028e+03
2.28136e+03
2.27671e+03
2.28443e+03
2.27902e+03
2.28191e+03
2.27651e+03
2.28485e+03
2.27371e+03
2.28199e+03
2.28312e+03
2.28078e+03
2.27723e+03
2.28363e+03
2.27441e+03
2.28450e+03
2.28210e+03
2.27502e+03
2.28083e+03
2.28392e+03
2.28310e+03
2.27909e+03
2.27956e+03
2.28199e+03
2.28268e+03
2.28505e+03
2.28293e+03
2.28384e+03
2.28039e+03
2.28468e+03
2.27773e+03
2.28687e+03
2.27825e+03
2.28082e+03
2.28101e+03
2.27807e+03
2.28211e+03
