T (K)	P (MPa)	rhol (kg/m3)	eta (cP)
511.86	0.20000	5.6140	0.0096667
511.86	1.0000	36.605	0.010419
511.87	10.000	527.52	0.10819
511.87	20.000	557.32	0.12941
511.87	30.000	578.15	0.14859
511.87	40.000	594.51	0.16686
511.87	50.000	608.11	0.18464
511.87	60.000	619.84	0.20217
511.87	70.000	630.19	0.21956
511.87	80.000	639.48	0.23690
511.87	90.000	647.93	0.25425
511.87	100.00	655.69	0.27165
511.87	110.00	662.88	0.28913
511.87	120.00	669.59	0.30672
511.87	130.00	675.88	0.32443
511.87	140.00	681.81	0.34229
511.87	150.00	687.42	0.36029
511.87	160.00	692.74	0.37847
511.87	170.00	697.82	0.39682
511.87	180.00	702.67	0.41536
511.87	190.00	707.31	0.43410
511.87	200.00	711.77	0.45304
511.87	210.00	716.06	0.47218
511.87	220.00	720.19	0.49155
511.87	230.00	724.18	0.51113
511.87	240.00	728.03	0.53095
511.87	250.00	731.76	0.55100
511.87	260.00	735.38	0.57129
511.87	270.00	738.89	0.59183
511.87	280.00	742.30	0.61262
511.87	290.00	745.62	0.63366
511.87	300.00	748.85	0.65497
511.87	310.00	751.99	0.67655
511.87	320.00	755.06	0.69839
511.87	330.00	758.05	0.72052
511.87	340.00	760.97	0.74293
511.87	350.00	763.83	0.76563
511.86	351.00	764.11	0.76793
