4.42626e+00
4.42650e+00
4.42632e+00
4.42607e+00
4.42572e+00
4.42558e+00
4.42597e+00
4.42622e+00
4.42644e+00
4.42574e+00
4.42557e+00
4.42478e+00
4.42545e+00
4.42621e+00
4.42655e+00
4.42607e+00
4.42641e+00
4.42592e+00
4.42608e+00
4.42536e+00
4.42642e+00
4.42567e+00
4.42570e+00
4.42631e+00
4.42519e+00
4.42564e+00
4.42585e+00
4.42478e+00
4.42591e+00
4.42557e+00
4.42574e+00
4.42570e+00
4.42596e+00
4.42684e+00
4.42629e+00
4.42678e+00
4.42518e+00
4.42555e+00
4.42687e+00
4.42596e+00
4.42579e+00
4.42614e+00
4.42506e+00
4.42576e+00
4.42684e+00
4.42677e+00
4.42557e+00
4.42539e+00
4.42638e+00
4.42556e+00
4.42515e+00
4.42608e+00
4.42604e+00
4.42694e+00
4.18886e+00
4.18898e+00
4.18882e+00
4.18877e+00
4.18894e+00
4.18917e+00
4.18890e+00
4.18906e+00
4.18885e+00
4.18881e+00
4.18963e+00
4.18917e+00
4.18917e+00
4.18918e+00
4.18875e+00
4.18908e+00
4.18908e+00
4.18895e+00
4.18914e+00
4.18903e+00
4.18954e+00
4.18949e+00
4.18889e+00
4.18873e+00
4.18858e+00
4.18905e+00
4.18882e+00
4.18887e+00
4.18898e+00
4.18900e+00
4.18886e+00
4.18890e+00
4.18880e+00
4.18875e+00
4.18911e+00
4.18902e+00
4.18891e+00
4.18887e+00
4.18920e+00
4.18864e+00
4.18912e+00
4.18913e+00
4.18907e+00
4.18848e+00
4.18933e+00
4.18899e+00
4.18937e+00
4.18896e+00
4.18916e+00
4.18922e+00
4.18913e+00
4.18893e+00
4.18910e+00
4.18911e+00
4.09900e+00
4.09872e+00
4.09879e+00
4.09885e+00
4.09897e+00
4.09910e+00
4.09901e+00
4.09895e+00
4.09882e+00
4.09895e+00
4.09875e+00
4.09912e+00
4.09872e+00
4.09899e+00
4.09894e+00
4.09885e+00
4.09894e+00
4.09856e+00
4.09888e+00
4.09911e+00
4.09899e+00
4.09862e+00
4.09896e+00
4.09868e+00
4.09884e+00
4.09876e+00
4.09888e+00
4.09868e+00
4.09887e+00
4.09917e+00
4.09894e+00
4.09904e+00
4.09891e+00
4.09871e+00
4.09873e+00
4.09880e+00
4.09907e+00
4.09912e+00
4.09898e+00
4.09905e+00
4.09895e+00
4.09909e+00
4.09893e+00
4.09902e+00
4.09900e+00
4.09884e+00
4.09896e+00
4.09878e+00
4.09898e+00
4.09913e+00
4.09891e+00
4.09874e+00
4.09864e+00
4.09910e+00
4.04103e+00
4.04131e+00
4.04122e+00
4.04097e+00
4.04128e+00
4.04116e+00
4.04108e+00
4.04155e+00
4.04125e+00
4.04113e+00
4.04132e+00
4.04118e+00
4.04129e+00
4.04080e+00
4.04142e+00
4.04131e+00
4.04109e+00
4.04123e+00
4.04123e+00
4.04127e+00
4.04135e+00
4.04094e+00
4.04136e+00
4.04126e+00
4.04116e+00
4.04106e+00
4.04099e+00
4.04106e+00
4.04115e+00
4.04118e+00
4.04110e+00
4.04118e+00
4.04088e+00
4.04138e+00
4.04100e+00
4.04122e+00
4.04126e+00
4.04160e+00
4.04121e+00
4.04141e+00
4.04128e+00
4.04088e+00
4.04107e+00
4.04090e+00
4.04106e+00
4.04136e+00
4.04101e+00
4.04118e+00
4.04108e+00
4.04117e+00
4.04130e+00
4.04164e+00
4.04094e+00
4.04136e+00
3.99862e+00
3.99868e+00
3.99906e+00
3.99870e+00
3.99871e+00
3.99875e+00
3.99852e+00
3.99864e+00
3.99882e+00
3.99857e+00
3.99835e+00
3.99838e+00
3.99853e+00
3.99815e+00
3.99863e+00
3.99884e+00
3.99852e+00
3.99838e+00
3.99830e+00
3.99827e+00
3.99853e+00
3.99853e+00
3.99850e+00
3.99839e+00
3.99849e+00
3.99853e+00
3.99881e+00
3.99871e+00
3.99863e+00
3.99890e+00
3.99810e+00
3.99893e+00
3.99873e+00
3.99838e+00
3.99848e+00
3.99825e+00
3.99873e+00
3.99845e+00
3.99910e+00
3.99862e+00
3.99814e+00
3.99867e+00
3.99828e+00
3.99836e+00
3.99873e+00
3.99853e+00
3.99824e+00
3.99884e+00
3.99864e+00
3.99884e+00
3.99850e+00
3.99868e+00
3.99893e+00
3.99827e+00
