-4.97653e+00
-4.65883e+00
-1.80329e+00
-4.73276e+00
2.96292e+00
1.73286e+00
1.14570e+00
-3.55390e+00
-4.53129e+00
9.07810e-01
5.68884e+00
-6.31325e-01
1.01708e-01
-2.71207e+00
-2.41859e+00
-9.90857e-01
-4.60447e-02
-9.03551e-01
-3.28677e+00
-1.46623e+00
-4.99766e+00
3.36050e+00
3.06602e-01
-2.59601e+00
6.48712e+00
5.37351e-01
1.26181e-01
6.75928e+00
3.24419e-01
-9.01448e-01
2.62287e+00
-3.52012e+00
1.33412e+00
-5.72406e+00
-4.75431e+00
-7.62356e+00
-1.56804e+00
-2.30115e+00
1.53773e+00
2.43176e+00
-3.82822e+00
4.43142e-01
4.87030e-01
2.94919e+00
-2.49559e+00
-5.06825e+00
5.86360e-01
-2.08595e-01
-1.48371e+00
-4.18969e-01
-6.03124e-01
3.27395e+00
-2.06750e+00
-1.36573e+00
2.51173e+03
2.50432e+03
2.50359e+03
2.50198e+03
2.50247e+03
2.49685e+03
2.49968e+03
2.50148e+03
2.50223e+03
2.50917e+03
2.48336e+03
2.49522e+03
2.49561e+03
2.48861e+03
2.50580e+03
2.50329e+03
2.50046e+03
2.50042e+03
2.49551e+03
2.50067e+03
2.49401e+03
2.49472e+03
2.50058e+03
2.50754e+03
2.50560e+03
2.50532e+03
2.50516e+03
2.50627e+03
2.50014e+03
2.49788e+03
2.50742e+03
2.49913e+03
2.50173e+03
2.49719e+03
2.50196e+03
2.50097e+03
2.50259e+03
2.50284e+03
2.50083e+03
2.51299e+03
2.50194e+03
2.49344e+03
2.50092e+03
2.51045e+03
2.49366e+03
2.49692e+03
2.49998e+03
2.50534e+03
2.50135e+03
2.49750e+03
2.49759e+03
2.50261e+03
2.50257e+03
2.50218e+03
5.00290e+03
5.02036e+03
5.00233e+03
5.00041e+03
4.99573e+03
4.99706e+03
4.99951e+03
5.00398e+03
5.00965e+03
4.99782e+03
5.01428e+03
4.99600e+03
5.01562e+03
5.00742e+03
4.99698e+03
5.01287e+03
5.00519e+03
5.01321e+03
5.00557e+03
4.99421e+03
5.00281e+03
5.02665e+03
4.99774e+03
5.00979e+03
5.00667e+03
5.00171e+03
5.01106e+03
5.01554e+03
5.00599e+03
4.98774e+03
5.00667e+03
4.99998e+03
5.00676e+03
5.01810e+03
5.01624e+03
5.01586e+03
5.00656e+03
4.99981e+03
5.00373e+03
4.99596e+03
5.00249e+03
4.99459e+03
5.00497e+03
4.99801e+03
5.01299e+03
5.00870e+03
4.99784e+03
5.00306e+03
4.99586e+03
4.99923e+03
5.00809e+03
5.00290e+03
5.01386e+03
4.99024e+03
7.50866e+03
7.51248e+03
7.49837e+03
7.50064e+03
7.49098e+03
7.51089e+03
7.51427e+03
7.47684e+03
7.51169e+03
7.49883e+03
7.50034e+03
7.49417e+03
7.49568e+03
7.52812e+03
7.49642e+03
7.48851e+03
7.51358e+03
7.50565e+03
7.51489e+03
7.51415e+03
7.50005e+03
7.52721e+03
7.49560e+03
7.51940e+03
7.50069e+03
7.51484e+03
7.50602e+03
7.51746e+03
7.51319e+03
7.51902e+03
7.52511e+03
7.50597e+03
7.51126e+03
7.48600e+03
7.50099e+03
7.50055e+03
7.48712e+03
7.49337e+03
7.50851e+03
7.48872e+03
7.49695e+03
7.51240e+03
7.50820e+03
7.51506e+03
7.51433e+03
7.50747e+03
7.50949e+03
7.49398e+03
7.50301e+03
7.50454e+03
7.49917e+03
7.48254e+03
7.53797e+03
7.50012e+03
1.00030e+04
9.99216e+03
9.96299e+03
9.98189e+03
9.98207e+03
9.99012e+03
1.00020e+04
9.99749e+03
1.00019e+04
1.00272e+04
1.00378e+04
1.00087e+04
1.00089e+04
1.00089e+04
1.00030e+04
9.96991e+03
9.98898e+03
9.99128e+03
1.00153e+04
1.00303e+04
9.96853e+03
1.00201e+04
9.99852e+03
1.00219e+04
1.00138e+04
1.00255e+04
1.00025e+04
9.97899e+03
9.99220e+03
9.96799e+03
1.00489e+04
9.97044e+03
9.97865e+03
9.99220e+03
9.98294e+03
1.00223e+04
9.98574e+03
9.99316e+03
9.96665e+03
1.00031e+04
1.00435e+04
9.98861e+03
1.00112e+04
1.00083e+04
9.97137e+03
9.99925e+03
1.00219e+04
9.99496e+03
9.98001e+03
9.99943e+03
9.99611e+03
1.00131e+04
9.97871e+03
1.00219e+04
