5.02370e+01
4.91161e+01
4.94373e+01
4.60131e+01
4.64522e+01
4.87235e+01
5.17091e+01
4.98267e+01
4.48880e+01
4.57528e+01
4.71443e+01
4.95766e+01
5.10160e+01
4.68992e+01
5.25967e+01
5.41763e+01
4.87500e+01
4.92952e+01
4.89365e+01
4.96237e+01
5.18423e+01
4.98443e+01
4.67444e+01
4.72696e+01
5.26389e+01
5.24222e+01
5.16762e+01
4.62035e+01
4.90738e+01
5.00288e+01
4.89094e+01
4.53775e+01
4.88994e+01
4.91025e+01
4.81393e+01
5.16523e+01
4.39721e+02
4.40070e+02
4.37674e+02
4.40592e+02
4.44110e+02
4.37903e+02
4.38303e+02
4.42048e+02
4.46716e+02
4.39357e+02
4.40005e+02
4.38708e+02
4.37216e+02
4.40328e+02
4.39025e+02
4.38509e+02
4.34899e+02
4.43883e+02
4.43336e+02
4.38982e+02
4.38074e+02
4.40519e+02
4.43518e+02
4.37462e+02
4.39714e+02
4.37363e+02
4.39727e+02
4.39666e+02
4.42843e+02
4.33178e+02
4.40852e+02
4.38805e+02
4.37602e+02
4.42777e+02
4.38734e+02
4.39788e+02
1.16160e+03
1.16790e+03
1.16752e+03
1.16150e+03
1.16691e+03
1.16531e+03
1.16236e+03
1.16682e+03
1.16720e+03
1.16454e+03
1.16240e+03
1.17088e+03
1.16869e+03
1.16533e+03
1.16780e+03
1.16399e+03
1.16527e+03
1.16648e+03
1.17094e+03
1.16826e+03
1.16525e+03
1.16782e+03
1.16915e+03
1.16732e+03
1.16800e+03
1.16613e+03
1.16538e+03
1.16191e+03
1.16669e+03
1.16592e+03
1.16796e+03
1.16712e+03
1.16484e+03
1.16750e+03
1.16740e+03
1.16393e+03
2.48101e+03
2.47007e+03
2.48190e+03
2.47389e+03
2.47814e+03
2.48002e+03
2.47665e+03
2.47792e+03
2.47709e+03
2.47835e+03
2.48179e+03
2.48421e+03
2.47840e+03
2.47693e+03
2.48006e+03
2.47793e+03
2.47523e+03
2.47322e+03
2.47489e+03
2.47918e+03
2.47368e+03
2.47645e+03
2.47458e+03
2.47691e+03
2.48191e+03
2.47696e+03
2.47523e+03
2.47344e+03
2.47637e+03
2.47757e+03
2.47775e+03
2.47547e+03
2.47548e+03
2.46949e+03
2.47539e+03
2.47285e+03
4.79600e+03
4.79107e+03
4.79991e+03
4.80334e+03
4.79640e+03
4.79315e+03
4.79699e+03
4.80190e+03
4.79222e+03
4.80218e+03
4.78635e+03
4.78480e+03
4.79912e+03
4.79812e+03
4.79485e+03
4.79294e+03
4.80084e+03
4.80472e+03
4.79735e+03
4.79345e+03
4.79293e+03
4.79464e+03
4.80183e+03
4.79685e+03
4.80022e+03
4.79700e+03
4.79265e+03
4.80435e+03
4.79513e+03
4.79207e+03
4.79483e+03
4.80801e+03
4.80132e+03
4.79067e+03
4.79717e+03
4.79411e+03
7.18414e+03
7.19504e+03
7.19771e+03
7.19789e+03
7.19734e+03
7.19209e+03
7.18819e+03
7.18812e+03
7.19534e+03
7.19796e+03
7.19744e+03
7.19299e+03
7.19065e+03
7.18959e+03
7.19548e+03
7.19146e+03
7.20006e+03
7.20214e+03
7.18779e+03
7.19212e+03
7.19360e+03
7.20397e+03
7.19087e+03
7.19576e+03
7.20370e+03
7.19523e+03
7.19845e+03
7.19634e+03
7.19755e+03
7.19474e+03
7.20143e+03
7.19297e+03
7.20720e+03
7.20718e+03
7.19537e+03
7.19964e+03
1.06667e+04
1.06623e+04
1.06594e+04
1.06700e+04
1.06597e+04
1.06620e+04
1.06499e+04
1.06543e+04
1.06605e+04
1.06632e+04
1.06507e+04
1.06771e+04
1.06618e+04
1.06665e+04
1.06643e+04
1.06686e+04
1.06626e+04
1.06741e+04
1.06606e+04
1.06630e+04
1.06631e+04
1.06561e+04
1.06568e+04
1.06763e+04
1.06667e+04
1.06647e+04
1.06734e+04
1.06519e+04
1.06550e+04
1.06604e+04
1.06533e+04
1.06678e+04
1.06608e+04
1.06691e+04
1.06625e+04
1.06579e+04
1.56622e+04
1.56856e+04
1.56583e+04
1.56721e+04
1.56916e+04
1.56840e+04
1.56563e+04
1.56627e+04
1.56655e+04
1.56772e+04
1.56785e+04
1.56797e+04
1.56651e+04
1.56614e+04
1.56635e+04
1.56735e+04
1.56868e+04
1.56765e+04
1.56526e+04
1.56575e+04
1.56371e+04
1.56745e+04
1.56673e+04
1.56905e+04
1.56675e+04
1.56710e+04
1.56676e+04
1.56842e+04
1.56737e+04
1.56649e+04
1.56830e+04
1.56794e+04
1.56650e+04
1.56687e+04
1.56717e+04
1.56617e+04
2.29006e+04
2.28985e+04
2.29231e+04
2.29496e+04
2.29249e+04
2.29205e+04
2.29033e+04
2.28667e+04
2.28985e+04
2.28866e+04
2.28631e+04
2.28785e+04
2.29324e+04
2.29007e+04
2.29254e+04
2.28553e+04
2.28944e+04
2.29072e+04
2.28457e+04
2.28970e+04
2.29304e+04
2.29317e+04
2.29268e+04
2.29477e+04
2.28769e+04
2.29436e+04
2.29776e+04
2.28795e+04
2.29318e+04
2.28973e+04
2.29330e+04
2.29293e+04
2.29816e+04
2.28739e+04
2.29748e+04
2.28902e+04
