4.57336e+00
4.57341e+00
4.57293e+00
4.57326e+00
4.57336e+00
4.57290e+00
4.57356e+00
4.57355e+00
4.57301e+00
4.57310e+00
4.57347e+00
4.57307e+00
4.57315e+00
4.57371e+00
4.57281e+00
4.57337e+00
4.57332e+00
4.57298e+00
4.57337e+00
4.57312e+00
4.57371e+00
4.57278e+00
4.57353e+00
4.57372e+00
4.57268e+00
4.57374e+00
4.57353e+00
4.57365e+00
4.57301e+00
4.57347e+00
4.57291e+00
4.57303e+00
4.57355e+00
4.57305e+00
4.57284e+00
4.57382e+00
4.57334e+00
4.57332e+00
4.57328e+00
4.57321e+00
4.57292e+00
4.57319e+00
4.57304e+00
4.57262e+00
4.57350e+00
4.57341e+00
4.57302e+00
4.57283e+00
4.57310e+00
4.57323e+00
4.57366e+00
4.57325e+00
4.57309e+00
4.57401e+00
4.57374e+00
4.57306e+00
4.57350e+00
4.57309e+00
4.57301e+00
4.57315e+00
4.46547e+00
4.46523e+00
4.46622e+00
4.46595e+00
4.46531e+00
4.46543e+00
4.46605e+00
4.46590e+00
4.46533e+00
4.46577e+00
4.46546e+00
4.46474e+00
4.46614e+00
4.46564e+00
4.46543e+00
4.46601e+00
4.46551e+00
4.46554e+00
4.46608e+00
4.46502e+00
4.46608e+00
4.46587e+00
4.46602e+00
4.46544e+00
4.46601e+00
4.46596e+00
4.46640e+00
4.46570e+00
4.46575e+00
4.46527e+00
4.46615e+00
4.46611e+00
4.46592e+00
4.46571e+00
4.46565e+00
4.46592e+00
4.46566e+00
4.46570e+00
4.46549e+00
4.46544e+00
4.46552e+00
4.46576e+00
4.46630e+00
4.46556e+00
4.46561e+00
4.46575e+00
4.46623e+00
4.46592e+00
4.46560e+00
4.46559e+00
4.46485e+00
4.46516e+00
4.46519e+00
4.46573e+00
4.46584e+00
4.46610e+00
4.46591e+00
4.46588e+00
4.46560e+00
4.46600e+00
4.40923e+00
4.40868e+00
4.40875e+00
4.40891e+00
4.40967e+00
4.40875e+00
4.41013e+00
4.41060e+00
4.40907e+00
4.40903e+00
4.40876e+00
4.40949e+00
4.40958e+00
4.40947e+00
4.40947e+00
4.40902e+00
4.40959e+00
4.40885e+00
4.40991e+00
4.41012e+00
4.40892e+00
4.40951e+00
4.40911e+00
4.40923e+00
4.41032e+00
4.40910e+00
4.40988e+00
4.41048e+00
4.40967e+00
4.40953e+00
4.40931e+00
4.40912e+00
4.40827e+00
4.41018e+00
4.40935e+00
4.41009e+00
4.41050e+00
4.40943e+00
4.40929e+00
4.40899e+00
4.40930e+00
4.40983e+00
4.41054e+00
4.40953e+00
4.40956e+00
4.40958e+00
4.40831e+00
4.40947e+00
4.41027e+00
4.40997e+00
4.41095e+00
4.41015e+00
4.40834e+00
4.40978e+00
4.40963e+00
4.40990e+00
4.40903e+00
4.40974e+00
4.40938e+00
4.40951e+00
4.36879e+00
4.36903e+00
4.37027e+00
4.36953e+00
4.36840e+00
4.37040e+00
4.36963e+00
4.36788e+00
4.36958e+00
4.36936e+00
4.36794e+00
4.36984e+00
4.37077e+00
4.36895e+00
4.36908e+00
4.36882e+00
4.36813e+00
4.36817e+00
4.36941e+00
4.36867e+00
4.37029e+00
4.36911e+00
4.36892e+00
4.36742e+00
4.36993e+00
4.36953e+00
4.36925e+00
4.36996e+00
4.37025e+00
4.36960e+00
4.36984e+00
4.36954e+00
4.36907e+00
4.36919e+00
4.36980e+00
4.36975e+00
4.36974e+00
4.37009e+00
4.36858e+00
4.36910e+00
4.36943e+00
4.36908e+00
4.36831e+00
4.36935e+00
4.36986e+00
4.37021e+00
4.36910e+00
4.36909e+00
4.36917e+00
4.36829e+00
4.36962e+00
4.36818e+00
4.36902e+00
4.36873e+00
4.36833e+00
4.36954e+00
4.36897e+00
4.36826e+00
4.36898e+00
4.36823e+00
