2.05954e+03
2.06310e+03
2.07074e+03
2.06692e+03
2.06403e+03
2.07716e+03
2.07041e+03
2.05370e+03
2.06546e+03
2.06227e+03
2.05762e+03
2.06662e+03
2.06780e+03
2.05883e+03
2.07363e+03
2.06736e+03
2.06838e+03
2.07365e+03
2.06152e+03
2.07317e+03
2.05727e+03
2.07104e+03
2.06556e+03
2.05936e+03
2.08006e+03
2.05840e+03
2.05196e+03
2.05437e+03
2.07566e+03
2.06524e+03
2.07741e+03
2.08135e+03
2.06048e+03
2.06898e+03
2.06715e+03
2.06433e+03
2.07206e+03
2.05572e+03
2.06871e+03
2.06944e+03
2.07909e+03
2.07201e+03
2.06807e+03
2.07646e+03
2.06254e+03
2.06899e+03
2.07997e+03
2.07422e+03
2.07913e+03
2.06889e+03
2.05301e+03
2.07901e+03
2.07802e+03
2.05247e+03
2.06213e+03
2.08399e+03
2.06388e+03
2.07853e+03
2.06657e+03
2.07229e+03
4.99653e+03
5.01154e+03
4.96165e+03
4.98208e+03
5.02471e+03
4.99221e+03
4.98505e+03
4.97605e+03
5.01392e+03
4.99216e+03
5.00058e+03
5.03467e+03
4.99146e+03
5.00734e+03
5.01085e+03
4.99049e+03
4.99192e+03
4.99417e+03
4.97512e+03
5.02986e+03
4.97930e+03
4.98028e+03
4.98760e+03
4.99879e+03
4.98383e+03
4.99514e+03
4.95980e+03
5.00483e+03
4.99389e+03
5.01370e+03
4.98878e+03
4.98544e+03
4.98948e+03
4.99621e+03
5.00810e+03
4.99202e+03
5.00495e+03
5.00011e+03
5.02462e+03
5.00222e+03
5.01080e+03
4.99043e+03
4.98826e+03
4.98925e+03
5.00565e+03
4.97965e+03
4.97436e+03
4.99370e+03
4.98349e+03
4.99267e+03
5.02200e+03
5.01770e+03
5.01007e+03
4.99320e+03
4.99446e+03
4.96593e+03
4.98299e+03
4.98623e+03
4.99055e+03
4.98410e+03
7.53587e+03
7.55004e+03
7.53632e+03
7.53264e+03
7.48476e+03
7.53983e+03
7.45364e+03
7.44261e+03
7.52890e+03
7.53515e+03
7.54790e+03
7.50859e+03
7.50625e+03
7.50937e+03
7.49607e+03
7.53768e+03
7.50674e+03
7.54875e+03
7.46598e+03
7.44696e+03
7.54962e+03
7.51653e+03
7.51934e+03
7.53077e+03
7.45703e+03
7.52484e+03
7.48464e+03
7.42905e+03
7.49737e+03
7.50047e+03
7.50296e+03
7.49900e+03
7.60015e+03
7.46873e+03
7.52235e+03
7.47625e+03
7.43630e+03
7.50563e+03
7.51557e+03
7.52782e+03
7.50019e+03
7.49029e+03
7.44945e+03
7.47931e+03
7.50331e+03
7.50394e+03
7.56644e+03
7.47861e+03
7.47537e+03
7.49612e+03
7.43338e+03
7.45992e+03
7.56438e+03
7.47984e+03
7.50525e+03
7.47031e+03
7.50278e+03
7.47127e+03
7.50574e+03
7.51082e+03
1.00002e+04
9.96821e+03
9.87222e+03
9.90797e+03
1.00153e+04
9.78906e+03
9.90059e+03
1.00216e+04
9.91233e+03
9.88815e+03
1.00198e+04
9.86430e+03
9.82785e+03
9.98015e+03
9.99900e+03
9.94590e+03
9.99383e+03
9.97924e+03
9.86625e+03
1.00073e+04
9.87547e+03
9.95088e+03
9.97493e+03
1.01053e+04
9.93779e+03
9.95296e+03
9.92890e+03
9.90743e+03
9.85505e+03
9.84845e+03
9.91381e+03
9.89652e+03
9.90501e+03
9.94230e+03
9.93063e+03
9.93026e+03
9.83094e+03
9.87191e+03
9.97393e+03
9.94100e+03
9.92470e+03
9.97461e+03
9.99998e+03
9.88763e+03
9.84430e+03
9.88525e+03
9.96880e+03
9.93931e+03
9.94884e+03
9.98306e+03
9.90650e+03
9.97285e+03
9.91392e+03
9.95627e+03
1.00149e+04
9.92070e+03
9.94267e+03
1.00097e+04
9.92327e+03
1.00086e+04
