3.58179e+00
7.56134e+00
8.23391e+00
6.68413e+00
9.96974e+00
3.86736e+00
6.34461e+00
9.60537e+00
7.91305e+00
8.45376e+00
8.49890e+00
5.48219e+00
6.85923e+00
1.03198e+01
2.75342e+00
6.85412e+00
9.24568e+00
6.09602e+00
7.01743e+00
1.16900e+01
7.46596e+00
8.32207e+00
5.15236e+00
9.91419e+00
7.98823e+00
6.68440e+00
5.35937e+00
2.36884e+00
7.42779e+00
7.14531e+00
7.45589e+00
2.84664e+00
7.74784e+00
8.50891e+00
1.20867e+01
8.58457e+00
7.13892e+00
8.11550e+00
5.10452e+00
5.99726e+00
6.39957e+00
7.35581e+00
7.85877e+00
6.65705e+00
9.26973e+00
1.14148e+01
6.66449e+00
5.30930e+00
1.16427e+01
2.68108e+00
4.46096e+00
7.29532e+00
5.48128e+00
7.55714e+00
6.24404e+00
6.57240e+00
1.04648e+01
3.67960e+00
4.54987e+00
4.43044e+00
3.19958e+02
3.19172e+02
3.25057e+02
3.20353e+02
3.26075e+02
3.29329e+02
3.26409e+02
3.31837e+02
3.23840e+02
3.21502e+02
3.25245e+02
3.24994e+02
3.29533e+02
3.26697e+02
3.29942e+02
3.26022e+02
3.23800e+02
3.18558e+02
3.28165e+02
3.29138e+02
3.26089e+02
3.23756e+02
3.27973e+02
3.28448e+02
3.23434e+02
3.22436e+02
3.24024e+02
3.21719e+02
3.23560e+02
3.23549e+02
3.24900e+02
3.25117e+02
3.21899e+02
3.27349e+02
3.27195e+02
3.27263e+02
3.25959e+02
3.27017e+02
3.23709e+02
3.24631e+02
3.27815e+02
3.21881e+02
3.19953e+02
3.23122e+02
3.25885e+02
3.26161e+02
3.24331e+02
3.27899e+02
3.23075e+02
3.25539e+02
3.29139e+02
3.26043e+02
3.25729e+02
3.25163e+02
3.22875e+02
3.28417e+02
3.29904e+02
3.22719e+02
3.22208e+02
3.24883e+02
1.17802e+03
1.17480e+03
1.18088e+03
1.17606e+03
1.17985e+03
1.18196e+03
1.17805e+03
1.18421e+03
1.18066e+03
1.18182e+03
1.17266e+03
1.18640e+03
1.17450e+03
1.18047e+03
1.17241e+03
1.16976e+03
1.17955e+03
1.18457e+03
1.17734e+03
1.17461e+03
1.17233e+03
1.17534e+03
1.18296e+03
1.17633e+03
1.18039e+03
1.17322e+03
1.17526e+03
1.17668e+03
1.17697e+03
1.17586e+03
1.18665e+03
1.17590e+03
1.17622e+03
1.17989e+03
1.17335e+03
1.18541e+03
1.18067e+03
1.17547e+03
1.18002e+03
1.17991e+03
1.17639e+03
1.17758e+03
1.17794e+03
1.17265e+03
1.17715e+03
1.18071e+03
1.17632e+03
1.18149e+03
1.17850e+03
1.17242e+03
1.17920e+03
1.17862e+03
1.17715e+03
1.17017e+03
1.17983e+03
1.17486e+03
1.17729e+03
1.17901e+03
1.17342e+03
1.17605e+03
3.30144e+03
3.31281e+03
3.31114e+03
3.31138e+03
3.31201e+03
3.31348e+03
3.30917e+03
3.30813e+03
3.31274e+03
3.30981e+03
3.30594e+03
3.31004e+03
3.31254e+03
3.31068e+03
3.30508e+03
3.30589e+03
3.30747e+03
3.30757e+03
3.31533e+03
3.30394e+03
3.30979e+03
3.29978e+03
3.30574e+03
3.30752e+03
3.30958e+03
3.30790e+03
3.31356e+03
3.31255e+03
3.30441e+03
3.30876e+03
3.30183e+03
3.31049e+03
3.30325e+03
3.31184e+03
3.30294e+03
3.31280e+03
3.30221e+03
3.31092e+03
3.31685e+03
3.31196e+03
3.30543e+03
3.31054e+03
3.30688e+03
3.30472e+03
3.30751e+03
3.31676e+03
3.29789e+03
3.30989e+03
3.30795e+03
3.30209e+03
3.30951e+03
3.31217e+03
3.30679e+03
3.31046e+03
3.31062e+03
3.30856e+03
3.30982e+03
3.30423e+03
3.31131e+03
3.30585e+03
8.49224e+03
8.48754e+03
8.50222e+03
8.49983e+03
8.49243e+03
8.50671e+03
8.49947e+03
8.50036e+03
8.50018e+03
8.49965e+03
8.50520e+03
8.50375e+03
8.50306e+03
8.49866e+03
8.49831e+03
8.50376e+03
8.48968e+03
8.50477e+03
8.49783e+03
8.49533e+03
8.49605e+03
8.50162e+03
8.48949e+03
8.49950e+03
8.49117e+03
8.49809e+03
8.49556e+03
8.49978e+03
8.49723e+03
8.50191e+03
8.50471e+03
8.50121e+03
8.49636e+03
8.50279e+03
8.49224e+03
8.49417e+03
8.49718e+03
8.50817e+03
8.49431e+03
8.51088e+03
8.49128e+03
8.50914e+03
8.49648e+03
8.49581e+03
8.49601e+03
8.49386e+03
8.50014e+03
8.49916e+03
8.48701e+03
8.50484e+03
8.50070e+03
8.49966e+03
8.49381e+03
8.49250e+03
8.50962e+03
8.49050e+03
8.49520e+03
8.50474e+03
8.49006e+03
8.49601e+03
6.24618e+03
6.23226e+03
6.25131e+03
6.24130e+03
6.24021e+03
6.24468e+03
6.23618e+03
6.23441e+03
6.24531e+03
6.23504e+03
6.23966e+03
6.24423e+03
6.24973e+03
6.23997e+03
6.24395e+03
6.24554e+03
6.24235e+03
6.24240e+03
6.24148e+03
6.23086e+03
6.24302e+03
6.24442e+03
6.24243e+03
6.23022e+03
6.24204e+03
6.23761e+03
6.24790e+03
6.25015e+03
6.24503e+03
6.23651e+03
6.24605e+03
6.24028e+03
6.25029e+03
6.24644e+03
6.23238e+03
6.24015e+03
6.23458e+03
6.24761e+03
6.23915e+03
6.24414e+03
6.23960e+03
6.24546e+03
6.24120e+03
6.24694e+03
6.23954e+03
6.23783e+03
6.24082e+03
6.24099e+03
6.24102e+03
6.23645e+03
6.23997e+03
6.23223e+03
6.24233e+03
6.23794e+03
6.24293e+03
6.24165e+03
6.24946e+03
6.23679e+03
6.23436e+03
6.24266e+03
4.56080e+03
4.55091e+03
4.56501e+03
4.55707e+03
4.56400e+03
4.55256e+03
4.56436e+03
4.55415e+03
4.56513e+03
4.56240e+03
4.55739e+03
4.56543e+03
4.55612e+03
4.56584e+03
4.56692e+03
4.55869e+03
4.55991e+03
4.55824e+03
4.56776e+03
4.56465e+03
4.56248e+03
4.55802e+03
4.55440e+03
4.55992e+03
4.55265e+03
4.55814e+03
4.55629e+03
4.55770e+03
4.56039e+03
4.55451e+03
4.56803e+03
4.56210e+03
4.56244e+03
4.55502e+03
4.55540e+03
4.55879e+03
4.55859e+03
4.55348e+03
4.55710e+03
4.55793e+03
4.55851e+03
4.55942e+03
4.56161e+03
4.55399e+03
4.56697e+03
4.54984e+03
4.55971e+03
4.56158e+03
4.56383e+03
4.55601e+03
4.56228e+03
4.55689e+03
4.55757e+03
4.56618e+03
4.55835e+03
4.55419e+03
4.56208e+03
4.56121e+03
4.55393e+03
4.56114e+03
2.37437e+03
2.37632e+03
2.37512e+03
2.38136e+03
2.38686e+03
2.37219e+03
2.38322e+03
2.37945e+03
2.37570e+03
2.37795e+03
2.37891e+03
2.38140e+03
2.37867e+03
2.37634e+03
2.37338e+03
2.38190e+03
2.37543e+03
2.37891e+03
2.37364e+03
2.38021e+03
2.38191e+03
2.38506e+03
2.36997e+03
2.37733e+03
2.37625e+03
2.36932e+03
2.37641e+03
2.37724e+03
2.37293e+03
2.38384e+03
2.37612e+03
2.37897e+03
2.37417e+03
2.38043e+03
2.38161e+03
2.37682e+03
2.37134e+03
2.37496e+03
2.37671e+03
2.37531e+03
2.37263e+03
2.37966e+03
2.37694e+03
2.37234e+03
2.38501e+03
2.37799e+03
2.37316e+03
2.37414e+03
2.37832e+03
2.37910e+03
2.37836e+03
2.37793e+03
2.37686e+03
2.37412e+03
2.37780e+03
2.37954e+03
2.37416e+03
2.37820e+03
2.37658e+03
2.37936e+03
1.69391e+03
1.68274e+03
1.68902e+03
1.68932e+03
1.68578e+03
1.68850e+03
1.69082e+03
1.69231e+03
1.68801e+03
1.68882e+03
1.68920e+03
1.68739e+03
1.67778e+03
1.69193e+03
1.69393e+03
1.68509e+03
1.68852e+03
1.68531e+03
1.69109e+03
1.69414e+03
1.68033e+03
1.69076e+03
1.68112e+03
1.69913e+03
1.69057e+03
1.68431e+03
1.68885e+03
1.68459e+03
1.68524e+03
1.69192e+03
1.68244e+03
1.69119e+03
1.68525e+03
1.68825e+03
1.68825e+03
1.68225e+03
1.68557e+03
1.69562e+03
1.68379e+03
1.68823e+03
1.68718e+03
1.68407e+03
1.68910e+03
1.68851e+03
1.68382e+03
1.68583e+03
1.69342e+03
1.68597e+03
1.67833e+03
1.68137e+03
1.69272e+03
1.68288e+03
1.69296e+03
1.68873e+03
1.68371e+03
1.69471e+03
1.67644e+03
1.68989e+03
1.69492e+03
1.68685e+03
