4.90441e+00
4.90271e+00
4.90433e+00
4.90447e+00
4.90482e+00
4.90525e+00
4.90380e+00
4.90490e+00
4.90500e+00
4.90330e+00
4.90461e+00
4.90489e+00
4.90484e+00
4.90401e+00
4.90413e+00
4.90448e+00
4.90279e+00
4.90420e+00
4.90597e+00
4.90415e+00
4.90411e+00
4.90323e+00
4.90468e+00
4.90515e+00
4.90361e+00
4.90539e+00
4.90423e+00
4.90534e+00
4.90359e+00
4.90518e+00
4.90359e+00
4.90356e+00
4.90426e+00
4.90633e+00
4.90446e+00
4.90500e+00
4.90431e+00
4.90467e+00
4.90601e+00
4.90407e+00
4.90430e+00
4.90526e+00
4.90396e+00
4.90413e+00
4.90389e+00
4.90458e+00
4.90579e+00
4.90572e+00
4.90388e+00
4.90423e+00
4.90406e+00
4.90453e+00
4.90437e+00
4.90364e+00
4.90369e+00
4.90498e+00
4.90456e+00
4.90441e+00
4.90526e+00
4.90583e+00
4.78482e+00
4.78574e+00
4.78526e+00
4.78504e+00
4.78541e+00
4.78451e+00
4.78554e+00
4.78584e+00
4.78504e+00
4.78597e+00
4.78601e+00
4.78529e+00
4.78498e+00
4.78553e+00
4.78519e+00
4.78575e+00
4.78522e+00
4.78620e+00
4.78536e+00
4.78569e+00
4.78519e+00
4.78553e+00
4.78559e+00
4.78602e+00
4.78580e+00
4.78530e+00
4.78572e+00
4.78596e+00
4.78573e+00
4.78636e+00
4.78519e+00
4.78510e+00
4.78541e+00
4.78549e+00
4.78619e+00
4.78490e+00
4.78542e+00
4.78583e+00
4.78471e+00
4.78574e+00
4.78609e+00
4.78598e+00
4.78511e+00
4.78584e+00
4.78540e+00
4.78606e+00
4.78539e+00
4.78572e+00
4.78601e+00
4.78541e+00
4.78559e+00
4.78587e+00
4.78558e+00
4.78588e+00
4.78572e+00
4.78554e+00
4.78571e+00
4.78608e+00
4.78586e+00
4.78561e+00
4.61205e+00
4.61194e+00
4.61205e+00
4.61203e+00
4.61144e+00
4.61256e+00
4.61220e+00
4.61167e+00
4.61250e+00
4.61202e+00
4.61127e+00
4.61246e+00
4.61201e+00
4.61226e+00
4.61158e+00
4.61197e+00
4.61326e+00
4.61154e+00
4.61191e+00
4.61207e+00
4.61231e+00
4.61216e+00
4.61192e+00
4.61160e+00
4.61193e+00
4.61212e+00
4.61181e+00
4.61264e+00
4.61258e+00
4.61215e+00
4.61210e+00
4.61327e+00
4.61252e+00
4.61309e+00
4.61250e+00
4.61303e+00
4.61196e+00
4.61152e+00
4.61147e+00
4.61088e+00
4.61265e+00
4.61192e+00
4.61186e+00
4.61249e+00
4.61288e+00
4.61235e+00
4.61093e+00
4.61165e+00
4.61180e+00
4.61187e+00
4.61073e+00
4.61157e+00
4.61266e+00
4.61150e+00
4.61288e+00
4.61256e+00
4.61138e+00
4.61170e+00
4.61196e+00
4.61227e+00
4.55676e+00
4.55701e+00
4.55774e+00
4.55665e+00
4.55729e+00
4.55706e+00
4.55667e+00
4.55662e+00
4.55767e+00
4.55569e+00
4.55631e+00
4.55597e+00
4.55672e+00
4.55805e+00
4.55655e+00
4.55602e+00
4.55698e+00
4.55642e+00
4.55592e+00
4.55710e+00
4.55876e+00
4.55634e+00
4.55676e+00
4.55768e+00
4.55724e+00
4.55804e+00
4.55432e+00
4.55585e+00
4.55652e+00
4.55680e+00
4.55673e+00
4.55596e+00
4.55742e+00
4.55582e+00
4.55717e+00
4.55533e+00
4.55655e+00
4.55793e+00
4.55523e+00
4.55856e+00
4.55716e+00
4.55648e+00
4.55554e+00
4.55686e+00
4.55665e+00
4.55731e+00
4.55735e+00
4.55904e+00
4.55632e+00
4.55615e+00
4.55653e+00
4.55587e+00
4.55809e+00
4.55677e+00
4.55518e+00
4.55871e+00
4.55735e+00
4.55719e+00
4.55713e+00
4.55713e+00
4.51879e+00
4.52004e+00
4.51950e+00
4.52110e+00
4.51949e+00
4.51998e+00
4.52050e+00
4.52074e+00
4.51968e+00
4.51968e+00
4.51922e+00
4.51980e+00
4.52153e+00
4.52072e+00
4.52045e+00
4.51977e+00
4.51881e+00
4.51952e+00
4.51929e+00
4.51955e+00
4.51984e+00
4.51816e+00
4.51972e+00
4.51905e+00
4.51990e+00
4.51931e+00
4.51852e+00
4.51914e+00
4.51988e+00
4.51890e+00
4.51960e+00
4.52038e+00
4.51893e+00
4.51888e+00
4.51886e+00
4.51957e+00
4.51916e+00
4.51955e+00
4.52078e+00
4.51894e+00
4.51922e+00
4.52006e+00
4.51973e+00
4.52154e+00
4.51939e+00
4.51986e+00
4.51978e+00
4.51926e+00
4.51958e+00
4.52021e+00
4.52044e+00
4.51914e+00
4.52090e+00
4.51890e+00
4.52012e+00
4.51953e+00
4.51965e+00
4.51954e+00
4.51993e+00
4.51954e+00
