-1.87007e+01
-9.48962e+00
-1.52616e+01
-1.31988e+01
-2.27560e+01
-2.31119e+01
-1.82445e+01
-2.26982e+01
-2.35756e+01
-1.56439e+01
-1.86714e+01
-2.07853e+01
-2.47842e+01
-1.39239e+01
-1.73673e+01
-2.19799e+01
-6.56638e+00
-1.34257e+01
-2.57300e+01
-1.88492e+01
-1.53802e+01
-1.86927e+01
-1.79989e+01
-1.51876e+01
-1.31900e+01
-2.38132e+01
-1.68738e+01
-2.31627e+01
-1.22770e+01
-2.24638e+01
-1.35414e+01
-1.73823e+01
-2.28328e+01
-3.09665e+01
-1.78371e+01
-1.52205e+01
-1.52650e+01
-1.69053e+01
-2.70042e+01
-1.88412e+01
-1.64115e+01
-2.34571e+01
-1.33145e+01
-1.97732e+01
-1.34744e+01
-1.82679e+01
-2.76316e+01
-1.98853e+01
-1.34770e+01
-1.53460e+01
-2.09556e+01
-1.89055e+01
-1.55579e+01
-1.14655e+01
-9.34773e+00
-2.44292e+01
-1.39487e+01
-1.40832e+01
-2.49361e+01
-3.13974e+01
1.02196e+03
1.00598e+03
1.02105e+03
1.01926e+03
1.01481e+03
1.03255e+03
1.01394e+03
1.01166e+03
1.01058e+03
1.00630e+03
1.00895e+03
1.01402e+03
1.01272e+03
1.01658e+03
1.01347e+03
1.01356e+03
1.01618e+03
1.00161e+03
1.01868e+03
1.01128e+03
1.01701e+03
1.00693e+03
1.00667e+03
1.01112e+03
1.01890e+03
1.02027e+03
1.00762e+03
1.00771e+03
1.00541e+03
1.00090e+03
1.01729e+03
1.01713e+03
1.01072e+03
1.01006e+03
1.00508e+03
1.01630e+03
1.01977e+03
1.01161e+03
1.02153e+03
1.00526e+03
1.00837e+03
1.01468e+03
1.01655e+03
1.01053e+03
1.01638e+03
9.99554e+02
1.00692e+03
1.01360e+03
1.00610e+03
1.00679e+03
1.01162e+03
1.01862e+03
1.01221e+03
1.01315e+03
1.00488e+03
1.01319e+03
1.00801e+03
1.00774e+03
1.00481e+03
1.00928e+03
4.99530e+03
4.99357e+03
4.99119e+03
4.99292e+03
5.03064e+03
4.98036e+03
4.99975e+03
5.00852e+03
4.97584e+03
4.98654e+03
5.02869e+03
4.97204e+03
5.00178e+03
4.99111e+03
5.00258e+03
5.01222e+03
4.96363e+03
5.02442e+03
4.98390e+03
5.01694e+03
4.97069e+03
4.98119e+03
5.00287e+03
5.03825e+03
4.98945e+03
4.99501e+03
5.00751e+03
4.95635e+03
4.97360e+03
4.99213e+03
4.99792e+03
4.93910e+03
4.97477e+03
4.96396e+03
4.97350e+03
4.95147e+03
4.98775e+03
5.02287e+03
5.01977e+03
5.04332e+03
4.96929e+03
4.96757e+03
5.00223e+03
4.95711e+03
4.97454e+03
5.00279e+03
5.05430e+03
5.01732e+03
5.01039e+03
5.00140e+03
5.05275e+03
4.99378e+03
4.95488e+03
5.02293e+03
4.95855e+03
4.96480e+03
5.00075e+03
5.03021e+03
5.00329e+03
4.97337e+03
7.43319e+03
7.43768e+03
7.38930e+03
7.47455e+03
7.41796e+03
7.42543e+03
7.47200e+03
7.46601e+03
7.41227e+03
7.55249e+03
7.46940e+03
7.50353e+03
7.45581e+03
7.35663e+03
7.45711e+03
7.47816e+03
7.38663e+03
7.47769e+03
7.50288e+03
7.41614e+03
7.35521e+03
7.47041e+03
7.45997e+03
7.42752e+03
7.39314e+03
7.42114e+03
7.56686e+03
7.49042e+03
7.44417e+03
7.43990e+03
7.46129e+03
7.43398e+03
7.44321e+03
7.50667e+03
7.43581e+03
7.53420e+03
7.49069e+03
7.43703e+03
7.55911e+03
7.37258e+03
7.40839e+03
7.46546e+03
7.51707e+03
7.43850e+03
7.44300e+03
7.44453e+03
7.39426e+03
7.34345e+03
7.49802e+03
7.48326e+03
7.47487e+03
7.50098e+03
7.40031e+03
7.46774e+03
7.57335e+03
7.37789e+03
7.39566e+03
7.42197e+03
7.43401e+03
7.41451e+03
9.94569e+03
9.79457e+03
9.81591e+03
9.76274e+03
9.82496e+03
9.81673e+03
9.82885e+03
9.71615e+03
9.79906e+03
9.83098e+03
9.80290e+03
9.82379e+03
9.66232e+03
9.70513e+03
9.74575e+03
9.85906e+03
9.84904e+03
9.87383e+03
9.86941e+03
9.76764e+03
9.85339e+03
9.90620e+03
9.77771e+03
9.91588e+03
9.79924e+03
9.89418e+03
9.95564e+03
9.84206e+03
9.82642e+03
9.90282e+03
9.75691e+03
9.77538e+03
9.83031e+03
9.91857e+03
9.84338e+03
9.88474e+03
9.90516e+03
9.78533e+03
9.78241e+03
9.88085e+03
9.79756e+03
9.77869e+03
9.76191e+03
9.69658e+03
9.84553e+03
9.80979e+03
9.80496e+03
9.89582e+03
9.81512e+03
9.75444e+03
9.76500e+03
9.86820e+03
9.70257e+03
9.85925e+03
9.73425e+03
9.82098e+03
9.86350e+03
9.89639e+03
9.79373e+03
9.82451e+03
