-1.14085e+04
-1.14194e+04
-1.14787e+04
-1.14536e+04
-1.14113e+04
-1.14354e+04
-1.13706e+04
-1.14976e+04
-1.14046e+04
-1.14123e+04
-1.14067e+04
-1.13546e+04
-1.14140e+04
-1.14513e+04
-1.13584e+04
-1.13849e+04
-1.14354e+04
-1.13901e+04
-1.14260e+04
-1.14441e+04
-1.13820e+04
-1.14384e+04
-1.14022e+04
-1.14375e+04
-1.14092e+04
-1.13778e+04
-1.13092e+04
-1.14865e+04
-1.14508e+04
-1.15276e+04
-1.13793e+04
-1.14018e+04
-1.14436e+04
-1.13312e+04
-1.14359e+04
-1.13109e+04
-1.14557e+04
-1.14241e+04
-1.14123e+04
-1.14851e+04
-1.14654e+04
-1.13511e+04
-1.13915e+04
-1.13905e+04
-1.14894e+04
-1.14589e+04
-1.14213e+04
-1.14660e+04
-1.15402e+04
-1.14112e+04
-1.14359e+04
-1.14486e+04
-1.14049e+04
-1.14413e+04
-1.14504e+04
-1.14832e+04
-1.14358e+04
-1.14510e+04
-1.13339e+04
-1.13813e+04
-1.21465e+04
-1.20027e+04
-1.21216e+04
-1.21644e+04
-1.21204e+04
-1.21417e+04
-1.22088e+04
-1.22168e+04
-1.20877e+04
-1.21859e+04
-1.21873e+04
-1.21360e+04
-1.20769e+04
-1.20427e+04
-1.21344e+04
-1.21166e+04
-1.20937e+04
-1.20969e+04
-1.21088e+04
-1.20824e+04
-1.22171e+04
-1.20957e+04
-1.21282e+04
-1.21529e+04
-1.21405e+04
-1.20737e+04
-1.21625e+04
-1.20758e+04
-1.20764e+04
-1.20509e+04
-1.20750e+04
-1.21758e+04
-1.21825e+04
-1.21356e+04
-1.20623e+04
-1.20894e+04
-1.22284e+04
-1.22365e+04
-1.20113e+04
-1.20809e+04
-1.21495e+04
-1.20744e+04
-1.21490e+04
-1.21439e+04
-1.21422e+04
-1.21933e+04
-1.20647e+04
-1.21296e+04
-1.19931e+04
-1.21406e+04
-1.21271e+04
-1.22360e+04
-1.20862e+04
-1.21501e+04
-1.21426e+04
-1.21483e+04
-1.20274e+04
-1.20624e+04
-1.20559e+04
-1.21660e+04
-1.24777e+04
-1.23732e+04
-1.25134e+04
-1.25381e+04
-1.24038e+04
-1.23754e+04
-1.24538e+04
-1.24524e+04
-1.24454e+04
-1.23780e+04
-1.23266e+04
-1.23479e+04
-1.24349e+04
-1.24564e+04
-1.24400e+04
-1.24055e+04
-1.25235e+04
-1.23733e+04
-1.23949e+04
-1.23370e+04
-1.23976e+04
-1.24639e+04
-1.24363e+04
-1.24583e+04
-1.24443e+04
-1.23620e+04
-1.24699e+04
-1.24956e+04
-1.25088e+04
-1.24658e+04
-1.24258e+04
-1.24190e+04
-1.23946e+04
-1.24616e+04
-1.24418e+04
-1.24924e+04
-1.23257e+04
-1.25567e+04
-1.26686e+04
-1.24801e+04
-1.24196e+04
-1.23739e+04
-1.25101e+04
-1.23703e+04
-1.24417e+04
-1.24082e+04
-1.24104e+04
-1.23632e+04
-1.23392e+04
-1.23811e+04
-1.23924e+04
-1.23427e+04
-1.23937e+04
-1.24297e+04
-1.24005e+04
-1.24659e+04
-1.23377e+04
-1.24003e+04
-1.24319e+04
-1.24352e+04
-1.22964e+04
-1.23848e+04
-1.22714e+04
-1.22404e+04
-1.23702e+04
-1.23074e+04
-1.24080e+04
-1.22912e+04
-1.23210e+04
-1.23994e+04
-1.22429e+04
-1.24020e+04
-1.23109e+04
-1.22602e+04
-1.21248e+04
-1.23450e+04
-1.24310e+04
-1.23911e+04
-1.22337e+04
-1.23586e+04
-1.22372e+04
-1.22361e+04
-1.22741e+04
-1.23438e+04
-1.23592e+04
-1.21791e+04
-1.22890e+04
-1.24186e+04
-1.22577e+04
-1.22166e+04
-1.23453e+04
-1.23840e+04
-1.24227e+04
-1.23934e+04
-1.22503e+04
-1.22768e+04
-1.22928e+04
-1.23037e+04
-1.24669e+04
-1.23700e+04
-1.22346e+04
-1.23998e+04
-1.23386e+04
-1.22904e+04
-1.22417e+04
-1.23663e+04
-1.22944e+04
-1.23114e+04
-1.23090e+04
-1.24544e+04
-1.23432e+04
-1.23796e+04
-1.23636e+04
-1.23388e+04
-1.23729e+04
-1.22917e+04
-1.23578e+04
-1.23400e+04
-1.23748e+04
-1.23307e+04
-1.19137e+04
-1.17034e+04
-1.19663e+04
-1.18554e+04
-1.18931e+04
-1.17640e+04
-1.17765e+04
-1.18555e+04
-1.17141e+04
-1.17538e+04
-1.19644e+04
-1.19979e+04
-1.16406e+04
-1.19296e+04
-1.17743e+04
-1.18173e+04
-1.17440e+04
-1.16968e+04
-1.18499e+04
-1.18979e+04
-1.18974e+04
-1.17990e+04
-1.18322e+04
-1.16880e+04
-1.17736e+04
-1.17639e+04
-1.17968e+04
-1.17233e+04
-1.17815e+04
-1.19540e+04
-1.17921e+04
-1.18955e+04
-1.18375e+04
-1.17780e+04
-1.17485e+04
-1.17873e+04
-1.19026e+04
-1.18994e+04
-1.18179e+04
-1.18238e+04
-1.17753e+04
-1.16833e+04
-1.17824e+04
-1.18270e+04
-1.19438e+04
-1.19036e+04
-1.17979e+04
-1.18374e+04
-1.17664e+04
-1.18206e+04
-1.18167e+04
-1.18245e+04
-1.19255e+04
-1.18060e+04
-1.16077e+04
-1.17118e+04
-1.16555e+04
-1.16462e+04
-1.17811e+04
-1.18830e+04
