107.2498217	0.377325562	13
107.0946943	0.37715819	13
107.3022936	0.377456478	13
107.4433638	0.377813184	13
107.1771204	0.377252772	13
107.3983613	0.377521691	13
107.2386153	0.377324953	13
107.1471846	0.377102001	13
107.1506802	0.37767863	13
107.2877205	0.377755788	13
106.9886019	0.377291822	13
107.2989453	0.377715494	13
107.2101532	0.377194052	13
107.2650948	0.377907353	13
107.257333	0.377585487	13
107.4505558	0.377918493	13
107.0264015	0.37720434	13
107.1372641	0.377989408	13
107.4347574	0.377483218	13
107.1736946	0.377259826	13
107.1629977	0.37784757	13
107.5822472	0.377744371	13
107.335664	0.377293879	13
107.2768483	0.377440829	13
107.1449304	0.377191238	13
107.0710971	0.377884214	13
107.4169185	0.377414205	13
107.1136851	0.377958029	13
107.4485703	0.377720463	13
107.4279578	0.377310233	13
107.3928234	0.377383737	13
107.0132283	0.377567411	13
107.3363197	0.378063078	13
107.3167947	0.377689826	13
107.421659	0.377831656	13
107.6165224	0.377274652	13
107.0723819	0.377333102	13
107.3253905	0.37761884	13
107.6453786	0.377516125	13
106.990451	0.377261346	13
107.2411184	0.377278849	13
107.1357636	0.37711922	13
107.2948544	0.377927794	13
107.151896	0.377388874	13
106.8440528	0.377677973	13
106.8692778	0.377072572	13
107.1723056	0.377529394	13
107.4301639	0.377469726	13
107.0966954	0.377720965	13
107.073309	0.377770086	13
107.5935751	0.377574119	13
106.8255388	0.377519266	13
107.2521322	0.377187733	13
107.2092518	0.377700505	13
107.4260717	0.377638965	13
107.2928471	0.377931906	13
107.2345106	0.377953255	13
107.1757324	0.377501129	13
107.4847526	0.377554038	13
107.2814876	0.377054805	13
107.2127179	0.377002804	13
107.2383991	0.377102758	13
107.5193775	0.377627444	13
107.1344382	0.377524255	13
107.337589	0.377824541	13
107.1589639	0.377708648	13
107.418949	0.377532171	13
107.7211875	0.377704633	13
107.2486067	0.377774238	13
107.269105	0.377453845	13
107.1170765	0.377336965	13
107.195173	0.377409254	13
107.4020516	0.377492157	13
107.1807313	0.377619352	13
107.1761147	0.377491193	13
106.9367375	0.377749285	13
107.0695515	0.377472525	13
107.5271305	0.377669381	13
106.9261981	0.377298728	13
107.5102098	0.377451411	13
107.2163493	0.377216288	13
107.5141365	0.377782415	13
107.4205609	0.378082376	13
107.4361737	0.377827619	13
107.510571	0.377894154	13
107.2634944	0.377272605	13
107.2780117	0.377138039	13
106.9428654	0.377288598	13
107.1589639	0.377416115	13
107.2033097	0.377610174	13
107.2705221	0.377636773	13
106.9866795	0.376942875	13
107.3092176	0.377298889	13
107.3964442	0.377320818	13
107.1496423	0.377654546	13
107.6464977	0.377461471	13
107.2707536	0.378009409	13
107.3214963	0.377272764	13
107.139342	0.377549081	13
107.3616248	0.377710794	13
107.4874298	0.378098148	13
107.0422628	0.377344004	13
107.149767	0.377110842	13
107.0735012	0.377286382	13
107.0489021	0.37770888	13
107.098574	0.377469021	13
107.3273437	0.377167171	13
107.2041307	0.377474977	13
107.2486067	0.377208822	13
107.3131326	0.377589178	13
107.4745006	0.377445107	13
107.215658	0.377374472	13
107.2739504	0.377587101	13
107.2385561	0.377525931	13
107.4819523	0.37767084	13
107.2201716	0.377483768	13
107.0532524	0.377737879	13
107.5475658	0.377722991	13
107.2521804	0.377229061	13
107.2184874	0.377361361	13
107.1791495	0.377170732	13
107.2201716	0.37761827	13
107.1374553	0.377571395	13
107.261905	0.377778711	13
107.2814876	0.377861485	13
107.1762012	0.377668215	13
107.412444	0.377759042	13
107.1505388	0.377719399	13
107.5124946	0.377518806	13
107.0625477	0.377405074	13
107.0833464	0.377076128	13
107.2526116	0.377388787	13
107.2503185	0.377513447	13
107.3294613	0.37753036	13
106.7209706	0.377159993	13
107.3816467	0.377516643	13
107.2303635	0.377575856	13
107.3757775	0.377058078	13
107.5746497	0.377736752	13
107.3786998	0.377541417	13
107.1558141	0.377884987	13
107.125031	0.377025578	13
107.1496747	0.377115531	13
107.4019142	0.377433619	13
106.9376899	0.377306499	13
107.1791495	0.37715819	13
107.3594975	0.377320818	13
107.20609	0.377172203	13
107.0582301	0.377720463	13
107.3547223	0.377643819	13
107.094582	0.377958162	13
106.8573849	0.377466146	13
107.615316	0.377244442	13
107.1927621	0.377375181	13
106.9841442	0.377555865	13
107.0874206	0.376966644	13
107.0685277	0.377320144	13
107.0373225	0.377292794	13
107.1872003	0.377358151	13
107.5324437	0.377524062	13
107.1200441	0.377289036	13
107.2652278	0.377110731	13
107.2562903	0.377580686	13
107.4644131	0.377722229	13
107.1083856	0.377519104	13
107.4453073	0.377416791	13
106.9919497	0.377689136	13
107.3796627	0.377246963	13
106.9356202	0.377556719	13
107.2872652	0.377470242	13
107.3013116	0.376979148	13
106.9092056	0.377265303	13
107.5853738	0.3774876	13
106.8952438	0.377198166	13
107.430254	0.377808878	13
107.2041307	0.377485978	13
107.1819381	0.377184904	13
107.3398378	0.377679576	13
107.1317125	0.377661868	13
107.6041856	0.377980407	13
107.0481725	0.377481459	13
107.5338061	0.377908006	13
107.4891464	0.378028998	13
107.1872003	0.377358151	13
107.4051438	0.377524062	13
107.2747133	0.377644918	13
107.2100822	0.377626667	13
107.2964925	0.377627444	13
107.3401944	0.377350977	13
107.4801543	0.377774447	13
107.1918125	0.376909058	13
107.2652278	0.377110731	13
106.9189558	0.377815085	13
106.9886019	0.377514301	13
107.304271	0.37787943	13
107.1000502	0.377255193	13
107.7002856	0.378053247	13
107.4034673	0.377750567	13
107.1190619	0.377480031	13
107.6168385	0.3778331	13
107.5261557	0.377574572	13
107.2839483	0.377491193	13
107.2872652	0.377640645	13
107.4416874	0.377447652	13
107.6744661	0.378295009	13
107.3569369	0.377681118	13
107.2503166	0.377548109	13
107.5549227	0.377712649	13
107.3481311	0.377464416	13
107.1640305	0.377711768	13
107.3294613	0.377019516	13
107.3643287	0.377488483	13
107.4485703	0.377720463	13
107.1601428	0.377371133	13
107.2772979	0.377752772	13
106.9392115	0.377514467	13
107.3051906	0.377479755	13
107.4121197	0.377901353	13
107.4808802	0.377549081	13
107.0723819	0.377231658	13
107.1943778	0.377286752	13
107.3249626	0.377731255	13
107.3004085	0.377377824	13
107.1615311	0.377162669	13
107.296504	0.37718628	13
107.2637032	0.377552222	13
107.0078294	0.377377624	13
107.098574	0.376962795	13
107.116769	0.377744431	13
107.5888135	0.377541242	13
107.0890066	0.377529639	13
107.2212132	0.377796704	13
107.1601428	0.377371133	13
106.9677091	0.377098451	13
107.1591444	0.377324784	13
107.2747325	0.37782748	13
107.1657778	0.377038414	13
107.1671723	0.377571392	13
107.4347389	0.376703528	13
107.7507359	0.377691119	13
107.2444391	0.377617874	13
107.072189	0.377692729	13
107.0291873	0.376888997	13
107.4808545	0.377524262	13
107.3626812	0.3775427	13
107.4161568	0.377525343	13
107.1680352	0.377413855	13
106.8667397	0.377239322	13
107.5980812	0.377317521	13
107.1302916	0.377564311	13
106.9392115	0.37704439	13
107.4453073	0.377798438	13
107.2640126	0.377610858	13
107.137802	0.377899118	13
107.2634802	0.377754621	13
107.1908214	0.377240718	13
107.0689645	0.377692729	13
107.3399875	0.377317071	13
107.151896	0.37784757	13
107.2917761	0.377674697	13
107.2923656	0.377723409	13
107.5694655	0.377493252	13
107.0872742	0.377252104	13
107.5651184	0.377904049	13
107.1639038	0.377084621	13
107.2063557	0.37734769	13
107.3057437	0.377245319	13
107.0000553	0.377541417	13
107.521771	0.377573642	13
107.6064414	0.377369074	13
107.0442811	0.377320818	13
107.3721814	0.377868495	13
106.9919497	0.377689136	13
107.1682958	0.377377895	13
107.2435477	0.37783686	13
107.1649567	0.377691119	13
107.2503185	0.377264188	13
107.1567532	0.376986339	13
107.3099335	0.377648395	13
106.9392115	0.377149031	13
107.1110976	0.377149714	13
107.6041856	0.377980407	13
107.0767014	0.377241646	13
107.6041856	0.377980407	13
106.8161022	0.377621153	13
107.2470749	0.378009234	13
107.5343933	0.377768682	13
107.0138381	0.378032553	13
107.5502645	0.377514174	13
107.2479976	0.37721084	13
106.8618752	0.377628634	13
107.3577709	0.377084371	13
107.7211297	0.377629584	13
107.2862211	0.377000464	13
107.1676784	0.377705267	13
107.1205256	0.377344922	13
107.2649428	0.377549081	13
107.3163851	0.377132357	13
106.9158085	0.377373459	13
107.1199553	0.377691687	13
107.1589639	0.377416115	13
107.1493748	0.37785021	13
107.2570429	0.377575856	13
107.2052099	0.377301678	13
106.9198762	0.377127849	13
107.1323066	0.37749899	13
106.976094	0.377058458	13
107.2312284	0.377723409	13
107.2832907	0.377520405	13
107.2479976	0.37721084	13
107.2872577	0.377460607	13
107.1125487	0.377235746	13
107.099568	0.377152826	13
107.1274084	0.377030668	13
107.1057677	0.377353723	13
106.9265045	0.376790741	13
106.9219372	0.377449146	13
107.2490472	0.37715578	13
107.4517872	0.377308396	13
107.1594433	0.377209821	13
107.1385938	0.377625803	13
107.6995627	0.377240582	13
107.4145456	0.377656689	13
107.3614454	0.377654382	13
106.7507238	0.377466974	13
106.9877761	0.37771506	13
107.4248609	0.377147255	13
107.3004085	0.377639049	13
107.2673229	0.377469048	13
107.3885216	0.377461694	13
106.8952438	0.377650616	13
107.2435477	0.37783686	13
107.2872577	0.377460607	13
107.0838334	0.377355657	13
107.5447682	0.377772412	13
107.1558141	0.377884987	13
106.9761075	0.377101318	13
106.9704296	0.377127934	13
106.9954946	0.377343572	13
107.3367765	0.377583026	13
107.2190911	0.377785036	13
107.4716837	0.377426455	13
107.2297871	0.377344751	13
107.3196	0.377324784	13
107.3279122	0.377434898	13
107.3968566	0.377564297	13
107.3681366	0.377576484	13
107.3367765	0.377583026	13
107.2666973	0.377252557	13
107.1872757	0.37744137	13
107.3109231	0.377878858	13
107.5299841	0.37735182	13
106.9886019	0.377291822	13
107.3136189	0.377485674	13
107.3514635	0.377610174	13
107.311325	0.377133753	13
107.3145483	0.377407822	13
107.0892418	0.377534766	13
107.1363929	0.377569542	13
107.1416679	0.3775945	13
107.1837251	0.378064946	13
107.2920692	0.377326682	13
107.2844857	0.377265837	13
107.2730161	0.377043149	13
107.5716331	0.377778711	13
107.0373398	0.377213849	13
106.976094	0.377058458	13
107.1200441	0.377806434	13
107.2281681	0.377640942	13
107.2080264	0.377332688	13
106.8581139	0.377463514	13
106.9044148	0.376979148	13
106.7635002	0.377525669	13
107.5229434	0.377665126	13
107.1604808	0.377595608	13
107.1297849	0.377719546	13
107.0987781	0.377291054	13
107.0109366	0.377226695	13
107.2061069	0.377631834	13
107.2101532	0.37746981	13
107.016314	0.377619945	13
107.1958853	0.377740176	13
107.2945388	0.377334282	13
107.2333248	0.377356519	13
107.3913613	0.377629276	13
107.1964869	0.377398342	13
107.2529017	0.377333613	13
107.151896	0.37784757	13
107.137802	0.377277711	13
107.4360231	0.37699052	13
107.0767835	0.377705539	13
107.236409	0.377162298	13
107.4386108	0.377601649	13
107.2637032	0.377501578	13
106.9835424	0.377480989	13
107.3838821	0.377663974	13
107.4690582	0.377953255	13
107.1882013	0.377384434	13
107.256647	0.377466591	13
107.3273258	0.377838453	13
107.2479976	0.37721084	13
107.3511172	0.37696471	13
107.3249626	0.377731255	13
107.1417116	0.377223056	13
107.0568759	0.37719382	13
107.4958672	0.377656466	13
107.0937882	0.377674113	13
107.0827174	0.377402766	13
107.0192697	0.37758296	13
107.5535039	0.377663542	13
107.0291195	0.377211219	13
107.1012303	0.377463551	13
107.2931462	0.377525605	13
107.4326238	0.377309229	13
107.0388238	0.377444983	13
107.1448801	0.377933077	13
107.3256143	0.37737386	13
107.3458765	0.377297089	13
107.0290135	0.377561934	13
107.0767014	0.377510268	13
107.1083856	0.37740984	13
107.3968566	0.377564297	13
107.2386153	0.377324953	13
107.6054866	0.377796704	13
107.2033031	0.377315996	13
106.9835424	0.377480989	13
106.9833356	0.377501532	13
107.3102002	0.377380562	13
107.4202974	0.377191238	13
107.2249634	0.377195843	13
107.0316592	0.377426455	13
106.8052015	0.377629983	13
107.2233386	0.377562815	13
107.3377232	0.377587699	13
107.354239	0.377491055	13
107.2254943	0.377607031	13
107.3398378	0.377899427	13
107.2390113	0.377333102	13
106.9814262	0.376942875	13
106.8709919	0.377587693	13
106.9354651	0.377768268	13
107.1170765	0.377403314	13
107.1538895	0.37756017	13
107.4819523	0.377619072	13
107.3764196	0.377647212	13
107.1743267	0.377630022	13
107.5379554	0.377781512	13
106.9488952	0.377606465	13
107.0358562	0.377513836	13
107.1925219	0.377422655	13
107.3372942	0.37796138	13
107.107775	0.377140672	13
107.2708617	0.377279364	13
107.3294613	0.377019516	13
107.3968566	0.377564297	13
106.9819322	0.377457931	13
107.4847526	0.37729022	13
107.3388048	0.377374522	13
107.3311948	0.377230136	13
107.4323715	0.377097873	13
107.3263501	0.377327113	13
107.2503166	0.377476069	13
107.1901349	0.377475808	13
106.8571791	0.377497843	13
107.5660458	0.377434233	13
107.6165548	0.377136559	13
107.1639038	0.377084621	13
107.254592	0.377115714	13
107.3479221	0.377290035	13
107.4847526	0.37729022	13
107.0723819	0.377333102	13
107.1900059	0.377420499	13
107.125031	0.37723417	13
107.2041307	0.377474977	13
107.2243006	0.377383251	13
106.9972333	0.377509226	13
107.3885216	0.377663542	13
107.2645355	0.37771514	13
107.6042647	0.377697493	13
107.0771808	0.377741699	13
107.5388395	0.377515608	13
107.1151845	0.378009234	13
107.1941281	0.377386539	13
107.1640305	0.377404712	13
106.9844801	0.377423265	13
107.3100926	0.377666814	13
106.6602133	0.377377011	13
107.2411184	0.377517791	13
107.1589639	0.376707953	13
107.3363197	0.377431857	13
106.8655869	0.377622123	13
107.531818	0.377604515	13
107.0481694	0.377113124	13
107.0941153	0.377617674	13
107.0601509	0.376875552	13
107.1297849	0.377141722	13
107.176165	0.37720813	13
106.9277865	0.377207802	13
107.136442	0.377359209	13
107.186749	0.377230569	13
107.5853738	0.3774876	13
107.1168899	0.377387305	13
107.4177862	0.377317071	13
106.6109453	0.377087276	13
106.8861201	0.377381747	13
107.250638	0.377850268	13
107.3102194	0.377775339	13
107.1224491	0.377394745	13
107.1838927	0.377656741	13
107.4433638	0.377813184	13
107.4592546	0.377454368	13
107.2201716	0.37761827	13
107.072189	0.377692729	13
107.2127179	0.377951176	13
107.4107114	0.377326108	13
106.9500953	0.377387931	13
107.0342126	0.377110784	13
107.1322837	0.377624574	13
107.3746018	0.377445107	13
107.4397546	0.377654369	13
107.250638	0.377532468	13
107.0890066	0.377529639	13
107.2394224	0.377408839	13
107.1200441	0.377806434	13
107.3247209	0.377532626	13
107.4257728	0.377673238	13
107.135603	0.377546665	13
107.1278787	0.377419446	13
107.2243006	0.377383251	13
106.9613169	0.377616333	13
107.5938971	0.377587693	13
107.1584844	0.377532933	13
106.9886019	0.377291822	13
107.250638	0.377532468	13
107.2648733	0.377320818	13
107.266064	0.377216907	13
107.3165984	0.377324664	13
107.5085885	0.376882314	13
107.354537	0.377208464	13
107.2877433	0.377256952	13
106.9786911	0.377439099	13
106.8762535	0.377762599	13
107.2140377	0.377036382	13
107.1216511	0.377619635	13
107.3570385	0.377530737	13
107.4215392	0.377338925	13
106.8734174	0.377225153	13
107.4202974	0.377191238	13
107.3280017	0.377680532	13
107.2047851	0.377373837	13
107.2987021	0.377720976	13
107.0729106	0.377503906	13
106.9829854	0.377685326	13
107.3258208	0.377229446	13
107.2695145	0.377514116	13
107.5021691	0.377431093	13
107.4742438	0.37746526	13
107.1278787	0.37751272	13
106.9662834	0.377564311	13
107.1837251	0.377115531	13
107.4690582	0.377939577	13
107.3621766	0.377755674	13
106.8255388	0.377519266	13
107.5164918	0.377404042	13
107.5118847	0.377760228	13
107.1386322	0.377648353	13
107.3092176	0.377298889	13
107.1645293	0.377633453	13
107.3060527	0.377182886	13
107.189204	0.377647206	13
107.1168899	0.377387305	13
107.2152046	0.377334282	13
107.3621766	0.377755674	13
107.4561764	0.377557203	13
107.4862168	0.377303157	13
107.3486824	0.377310233	13
107.1372641	0.37770702	13
107.5261557	0.377574572	13
107.1555281	0.37770874	13
107.2695801	0.377560889	13
107.215658	0.377661153	13
107.0373398	0.377213849	13
106.9880573	0.377598703	13
107.1929501	0.377124096	13
107.3547223	0.377643819	13
107.4874298	0.377034367	13
107.2152046	0.377334282	13
107.2481233	0.377141722	13
107.2207317	0.377473146	13
107.3440453	0.377454372	13
107.3885216	0.377663542	13
107.3909972	0.377902869	13
107.5164918	0.377404042	13
107.2932747	0.377336965	13
107.1771693	0.37691115	13
107.1055876	0.377961091	13
107.5829692	0.377290035	13
107.2241706	0.377623918	13
107.4782559	0.377437217	13
107.1474744	0.377269879	13
107.3336221	0.377381569	13
107.2882194	0.377460607	13
107.3173666	0.377912358	13
107.2203333	0.377568799	13
107.5092386	0.377663542	13
107.6592857	0.377808197	13
107.1513501	0.377707487	13
107.3786998	0.377417082	13
106.7575053	0.376923844	13
107.3282991	0.377747383	13
107.4745006	0.377445107	13
107.2517161	0.377757514	13
107.2444391	0.377360149	13
107.8846475	0.377910021	13
106.9247365	0.377388787	13
107.3482015	0.377945395	13
107.250638	0.377568839	13
107.462756	0.377150867	13
107.3059942	0.377532626	13
107.4106453	0.37771514	13
107.227482	0.377270034	13
107.0082263	0.377452895	13
107.4048887	0.377514556	13
107.045821	0.377960021	13
107.0614107	0.376933671	13
107.2503185	0.377513447	13
107.218475	0.37690043	13
107.4891464	0.378028998	13
107.3251803	0.377648395	13
107.1481365	0.377381406	13
107.3336221	0.377381569	13
107.2259229	0.377164107	13
107.0833464	0.377095606	13
107.1959983	0.377656466	13
107.176165	0.377398342	13
107.2201716	0.37761827	13
107.135603	0.377546665	13
107.1520905	0.377508998	13
107.2844857	0.377265837	13
107.4364446	0.377689136	13
106.9132805	0.377521783	13
107.1555281	0.37770874	13
107.6633596	0.377720976	13
107.2026872	0.377568448	13
107.2479976	0.377268889	13
107.2493836	0.377505878	13
107.5853311	0.377368579	13
107.1503403	0.377121793	13
107.4781138	0.377715494	13
107.3243214	0.377209542	13
107.0173784	0.376677874	13
107.2976739	0.377290189	13
106.9839245	0.377631773	13
107.0580729	0.37698441	13
106.6928779	0.3771066	13
107.3393292	0.377850852	13
107.3928234	0.377504545	13
107.5324437	0.377524062	13
107.2472486	0.377944531	13
107.572963	0.377801258	13
107.2637032	0.377501578	13
106.9824466	0.377525669	13
107.0619713	0.377670999	13
107.2050259	0.377760492	13
107.1981552	0.37696471	13
107.4301639	0.377421395	13
107.045821	0.37687097	13
107.6149915	0.377651488	13
107.2361566	0.377767707	13
107.3294613	0.37753036	13
107.2388192	0.377849281	13
107.1830476	0.377146547	13
107.2871445	0.378036268	13
106.9849008	0.377249746	13
107.0994884	0.377512638	13
107.4769514	0.377452656	13
107.4975526	0.377760452	13
107.3954397	0.377492157	13
107.4046239	0.377274435	13
107.3746018	0.377445107	13
107.1113861	0.377422318	13
106.873101	0.376885663	13
107.1205565	0.377214613	13
107.2435477	0.37773998	13
107.4859742	0.377763447	13
107.1919059	0.377878733	13
107.0614107	0.377669983	13
107.2584521	0.377653186	13
107.3422942	0.377706763	13
107.2516189	0.377252772	13
107.3401944	0.377460638	13
107.1837251	0.377115531	13
107.4807334	0.377364181	13
107.1373988	0.37775659	13
107.0401389	0.377067708	13
107.1462988	0.377129234	13
107.1372641	0.37770702	13
107.2444391	0.377617874	13
107.2302438	0.377139239	13
107.5353375	0.377261931	13
106.9567215	0.377648167	13
107.1506802	0.377884102	13
107.3721814	0.377414286	13
107.3376502	0.377732936	13
107.0672466	0.377238309	13
107.4802827	0.377796704	13
107.2357243	0.377984235	13
106.9877761	0.377875987	13
107.2718025	0.377243371	13
107.2241706	0.377623918	13
107.3538793	0.377712851	13
107.4168298	0.377470354	13
107.3273258	0.377379179	13
107.4808802	0.377549081	13
107.261905	0.377777948	13
107.3440453	0.377454372	13
107.2871445	0.378036268	13
107.3367765	0.377583026	13
107.146814	0.377525503	13
107.401028	0.377582735	13
107.0302317	0.377797655	13
107.0373225	0.377292794	13
107.3170201	0.37735004	13
107.1088269	0.377596743	13
106.797197	0.377633964	13
107.477547	0.377815623	13
107.2799469	0.377610174	13
107.0810663	0.377740946	13
107.5399864	0.378038591	13
107.2164346	0.377365487	13
107.3273437	0.377167171	13
107.7901287	0.377633402	13
106.9701773	0.377833751	13
106.8721546	0.377427165	13
107.2173431	0.377404049	13
107.0450591	0.377159993	13
107.4705759	0.377168431	13
107.2785157	0.376926161	13
106.9927685	0.377326108	13
107.4819523	0.377619072	13
107.2814876	0.377789919	13
106.9500953	0.377387931	13
107.4807409	0.378228315	13
106.7801341	0.37744025	13
107.0902278	0.377321878	13
107.3258208	0.377393439	13
107.3617992	0.377189458	13
107.187387	0.377302263	13
107.3984305	0.377547636	13
107.0706212	0.377372541	13
107.2001203	0.377466154	13
107.1567532	0.377884214	13
107.147024	0.37719541	13
107.1099871	0.377652074	13
107.0771808	0.377741699	13
107.2440467	0.377726822	13
106.9365556	0.377634735	13
107.0987781	0.377291054	13
107.1453338	0.377759748	13
107.0738002	0.377187733	13
107.4228231	0.377798256	13
107.3526658	0.377699073	13
107.0582301	0.377720463	13
106.9819322	0.377442611	13
107.2708617	0.377141722	13
107.0372776	0.37706411	13
107.0481694	0.377267888	13
107.4121197	0.377901353	13
107.2184874	0.377361361	13
107.3448213	0.377252995	13
107.2029827	0.377699073	13
107.5685248	0.377656466	13
107.311091	0.377811301	13
107.0302317	0.377797655	13
107.2484759	0.377770652	13
107.2755965	0.377571392	13
107.3448213	0.377252995	13
106.8498931	0.377402766	13
107.4040851	0.377808197	13
106.9110277	0.377181917	13
106.9886019	0.377514301	13
107.3614294	0.377521783	13
107.0575464	0.377791534	13
107.2101532	0.37746981	13
107.1170765	0.377403314	13
107.2032007	0.377470975	13
107.5363835	0.377221993	13
107.4307984	0.377555528	13
107.6165224	0.377528499	13
106.9796231	0.376804342	13
107.3888985	0.377043149	13
107.1085036	0.377290189	13
107.3776302	0.377276523	13
107.210421	0.377566991	13
107.2164346	0.377478464	13
107.0614107	0.376933671	13
107.4231833	0.377306297	13
107.0402033	0.377449685	13
107.1387943	0.376826718	13
107.0845996	0.377671176	13
107.3577709	0.377969256	13
107.6673934	0.3777574	13
107.229642	0.376985783	13
107.1325539	0.377225177	13
107.0987781	0.377291054	13
107.0636805	0.377288598	13
107.2029827	0.377699073	13
107.390719	0.37743197	13
107.5821489	0.377613226	13
107.220827	0.377709161	13
107.0373398	0.377213849	13
107.515903	0.377296609	13
107.2526116	0.376980914	13
107.2891597	0.377256974	13
107.4450417	0.377541675	13
107.1535494	0.377525021	13
106.797197	0.377633964	13
107.5241638	0.377878858	13
107.2829738	0.376952244	13
107.4763102	0.377827073	13
107.2345106	0.377014794	13
107.2345106	0.377014794	13
107.2046508	0.377521691	13
107.5388395	0.377486144	13
107.0002517	0.377444603	13
107.8118593	0.377931731	13
107.2090973	0.377633964	13
106.9857484	0.377622887	13
107.227482	0.377270034	13
106.9849008	0.377249746	13
107.1761832	0.377533077	13
107.2061069	0.377631834	13
107.4158884	0.377222846	13
107.2920692	0.377858245	13
107.1723056	0.377529394	13
107.1757324	0.377501129	13
107.3104405	0.377574119	13
107.4094941	0.377090742	13
107.3592156	0.377527651	13
107.0537398	0.37731815	13
107.2216442	0.377742038	13
107.5718212	0.377339117	13
106.8813674	0.377381569	13
106.9608181	0.377469021	13
107.3395365	0.377521088	13
107.0845996	0.377671176	13
107.2634802	0.377754621	13
107.4397546	0.377354726	13
107.3538388	0.377705539	13
107.335664	0.377460902	13
107.6263966	0.377244442	13
107.1743267	0.377081133	13
107.3440453	0.377454372	13
107.1899472	0.377914544	13
107.4390245	0.377437494	13
107.1765583	0.377077305	13
107.2695136	0.377428337	13
107.3347293	0.377355352	13
107.3034687	0.37755423	13
107.1496423	0.377654546	13
106.8721448	0.37746526	13
107.4877768	0.377336215	13
107.173983	0.37802601	13
107.3617992	0.377189458	13
107.2127179	0.377002804	13
107.3346442	0.377519991	13
107.5124946	0.377518806	13
107.189872	0.377376515	13
107.0774811	0.377485674	13
107.0049398	0.377271006	13
107.3273258	0.376965254	13
106.8936227	0.377065876	13
107.1453338	0.377759748	13
106.8077537	0.376798524	13
107.5822472	0.377744371	13
107.5398102	0.377827851	13
107.4807409	0.378228315	13
107.1904434	0.377699073	13
107.2747133	0.377680414	13
107.044075	0.377239114	13
107.1433279	0.377696601	13
106.9939832	0.377255193	13
107.3173666	0.377072572	13
107.3964442	0.377320818	13
106.9741085	0.377207317	13
107.210421	0.377566991	13
107.6056823	0.377354269	13
107.311325	0.377202363	13
107.5635122	0.37762252	13
107.2589392	0.377267299	13
107.2785157	0.376799794	13
107.1535494	0.377613226	13
107.2052099	0.377301678	13
107.1107226	0.377134134	13
107.1683221	0.376738022	13
107.1099871	0.377652074	13
107.1456956	0.377306297	13
107.1956109	0.37742554	13
107.0685277	0.377320144	13
107.3163851	0.377132357	13
106.8862779	0.37715386	13
107.4901801	0.37778378	13
107.0442811	0.377320818	13
107.3908482	0.377550955	13
106.9804292	0.377489036	13
107.0601509	0.376875552	13
107.3099335	0.377648395	13
107.295556	0.376606789	13
107.1012686	0.377377011	13
107.1373988	0.37775659	13
107.1107226	0.377766091	13
107.3481468	0.377782415	13
107.2164346	0.377365487	13
107.5660458	0.377434233	13
106.9376899	0.377306499	13
107.3123968	0.377654382	13
107.4024954	0.377717573	13
107.3966244	0.37721899	13
107.3648861	0.37714033	13
107.0823695	0.377430439	13
107.3760433	0.377491193	13
107.072858	0.377524262	13
107.3776302	0.377286719	13
107.3564058	0.377432551	13
107.7211875	0.377704633	13
107.125031	0.377634844	13
107.1837251	0.377943459	13
106.7226072	0.37743197	13
107.1932273	0.377320818	13
106.9247365	0.377388787	13
106.9677091	0.377832067	13
107.2761888	0.377458129	13
107.1166986	0.377500026	13
107.5267582	0.377365512	13
107.1631712	0.377467192	13
106.7524022	0.377265112	13
107.3621766	0.377755674	13
107.3356295	0.377715827	13
106.9356202	0.377556719	13
107.1665407	0.377521783	13
107.6776992	0.377541417	13
107.6673934	0.3777574	13
107.4332271	0.377455403	13
107.4021152	0.37749234	13
107.0767835	0.377193041	13
107.1199553	0.377691687	13
107.5740061	0.377747608	13
107.2529017	0.377333613	13
107.0886232	0.377619635	13
107.1771693	0.37691115	13
107.2886565	0.37770798	13
107.3390682	0.377867871	13
106.8790382	0.377629584	13
107.2116942	0.377446128	13
106.9157148	0.377337842	13
107.2333518	0.377472075	13
107.1880751	0.377175202	13
107.1917743	0.377534884	13
107.1908214	0.377398854	13
107.3913613	0.377946621	13
107.229642	0.376985783	13
107.2076707	0.377757485	13
107.3099335	0.377648395	13
107.2498217	0.377325562	13
107.126255	0.377549081	13
107.1426138	0.377648262	13
107.4081967	0.377720976	13
107.0000553	0.377365298	13
107.1882013	0.377384434	13
107.1274084	0.377030668	13
107.5142147	0.377269512	13
106.9761075	0.37715973	13
106.8255388	0.37676641	13
106.8009424	0.377530007	13
107.1601428	0.377371133	13
107.0764803	0.377333213	13
107.5447682	0.377772412	13
107.4397546	0.377354726	13
106.915025	0.377369074	13
107.4215392	0.377338925	13
107.173983	0.377437677	13
107.0898197	0.377208155	13
107.1849974	0.37788119	13
107.3593041	0.377615351	13
107.5821489	0.377157979	13
107.0274675	0.377400208	13
107.3273437	0.377806612	13
107.266064	0.377914987	13
107.7324417	0.377502931	13
107.3166334	0.37761884	13
107.1911999	0.376682178	13
106.8077537	0.377584096	13
107.2529017	0.377336535	13
107.2361566	0.37780046	13
107.2648733	0.377320818	13
107.1615657	0.377785212	13
107.4027664	0.376998774	13
107.2388192	0.37762652	13
107.3746018	0.377445107	13
106.8762535	0.377342223	13
107.3968566	0.377259769	13
107.3955157	0.377011508	13
107.5142147	0.377269512	13
106.9269963	0.377272477	13
107.2441234	0.377588706	13
107.2026872	0.37728939	13
107.4578952	0.37740984	13
107.4786926	0.377861473	13
107.2645355	0.37771514	13
107.1129393	0.377217099	13
107.3293572	0.377390349	13
107.3356295	0.377593555	13
107.4386108	0.377601649	13
107.1763326	0.377164101	13
107.2658005	0.377344004	13
107.1927621	0.377375181	13
107.2844857	0.377265837	13
107.4523482	0.377663542	13
107.0735012	0.377374472	13
107.1199553	0.37741995	13
107.3363197	0.377369292	13
107.3395365	0.377588832	13
107.3311948	0.377230136	13
107.4453073	0.377389736	13
107.1639038	0.377084621	13
107.2648733	0.377320818	13
107.3653312	0.377425037	13
107.0941153	0.377617674	13
106.6893719	0.377818336	13
107.3311948	0.377230136	13
107.3702152	0.377267299	13
107.3136189	0.377485674	13
107.1506802	0.377122691	13
107.0047816	0.377290189	13
107.2872652	0.377470242	13
107.4644131	0.377722229	13
107.1917218	0.377611571	13
107.0767014	0.377241646	13
107.1290376	0.377465639	13
107.3273437	0.377806612	13
107.2402121	0.377714529	13
107.4158884	0.377222846	13
107.0443543	0.377076128	13
107.4891464	0.37798077	13
107.1273579	0.37761282	13
107.3405705	0.37761173	13
107.311325	0.377133753	13
106.8481365	0.376987872	13
107.1723688	0.377670531	13
107.1460436	0.3776809	13
106.9820601	0.377550955	13
106.8921827	0.377286719	13
107.4364446	0.377132658	13
107.0537398	0.377716697	13
107.2952369	0.377493477	13
107.6776992	0.377541417	13
107.1433279	0.377696601	13
107.2388192	0.37762652	13
107.2207317	0.377473146	13
107.3914953	0.377649592	13
107.0635234	0.37777737	13
106.8393925	0.377168603	13
107.401028	0.377384041	13
107.3294613	0.377763879	13
107.1076811	0.37761884	13
107.6767109	0.377484315	13
107.116769	0.377744431	13
106.9092056	0.377265303	13
107.0505066	0.377375181	13
106.9786911	0.377439099	13
107.0833464	0.37724177	13
107.4413761	0.377516125	13
107.3092176	0.377298889	13
107.2443649	0.377449523	13
107.3542309	0.377367856	13
107.5363835	0.377303157	13
107.2443649	0.377600469	13
107.2844857	0.377623893	13
106.8927496	0.377091846	13
107.1372641	0.377312003	13
106.874991	0.377519956	13
107.3888985	0.377043149	13
107.5635122	0.37762252	13
107.1872003	0.377358151	13
107.3592688	0.377529575	13
107.3648132	0.378209949	13
107.3273258	0.377379179	13
107.1538895	0.37756017	13
106.93516	0.377400421	13
107.3864942	0.37764565	13
107.461656	0.377507832	13
107.4674634	0.377413855	13
107.2928471	0.377931906	13
107.3087352	0.377560643	13
107.2641446	0.377384434	13
107.2556686	0.377586646	13
107.3576269	0.377526238	13
107.4690582	0.377953255	13
107.2640126	0.37754309	13
107.6165548	0.377452682	13
107.0006984	0.377518806	13
107.4168598	0.377473963	13
107.6400002	0.377397039	13
107.1416679	0.3775945	13
107.4260717	0.377638965	13
107.4228231	0.377690602	13
107.2521322	0.377187733	13
107.3367765	0.377583026	13
107.5227629	0.377394105	13
106.9720932	0.377484516	13
107.384309	0.377698974	13
107.1535494	0.377525021	13
107.1904434	0.377614001	13
107.1611681	0.377164107	13
107.3621766	0.377755674	13
107.4088087	0.377576484	13
107.1743267	0.377191907	13
107.0706212	0.377372541	13
107.094582	0.377958162	13
107.2814523	0.378033171	13
107.054455	0.377181454	13
107.0326335	0.377674113	13
107.5092386	0.377663542	13
107.4347574	0.37785171	13
107.151896	0.37784757	13
107.4705759	0.377220026	13
107.4390245	0.377437494	13
107.3247209	0.377659493	13
107.2503166	0.377476069	13
106.9819322	0.377457931	13
107.1273579	0.37761282	13
107.2832907	0.377520405	13
107.4632628	0.377530737	13
107.2728644	0.377133363	13
107.1040892	0.377529145	13
107.1291881	0.377525614	13
107.0290135	0.377561934	13
107.3955157	0.377761375	13
107.2832907	0.377520405	13
107.5124946	0.377518806	13
107.099568	0.377085201	13
106.8335899	0.377719546	13
107.4747631	0.377470424	13
107.3326095	0.377147095	13
107.2652278	0.377349531	13
106.8200775	0.377050077	13
107.4983475	0.377508513	13
107.149767	0.377110842	13
107.4901801	0.37778378	13
107.4319974	0.377373324	13
107.2326051	0.377310233	13
107.3481311	0.377464416	13
107.0465723	0.377272742	13
107.1875683	0.377591948	13
107.1917218	0.377611571	13
107.2144227	0.377269806	13
106.9886019	0.377291822	13
107.0765678	0.37774921	13
107.0216035	0.377339517	13
107.0490244	0.377461966	13
107.2556748	0.377833079	13
107.1625951	0.37766966	13
107.0372776	0.377688952	13
107.3564058	0.377432551	13
107.0034994	0.377369817	13
106.8589699	0.377139621	13
107.195173	0.377350808	13
107.5410621	0.377744925	13
107.6873702	0.377795673	13
107.6304622	0.377889182	13
107.040386	0.377519956	13
107.1081132	0.377240044	13
107.0594389	0.377390349	13
107.4782559	0.377515171	13
107.430254	0.377808878	13
107.3695704	0.377870342	13
107.3577709	0.377969256	13
106.8615863	0.377532626	13
106.9300263	0.377256085	13
107.2127179	0.377002804	13
107.304486	0.377370469	13
107.2761643	0.377316106	13
107.341795	0.376852853	13
107.218475	0.377311074	13
107.2648733	0.377361944	13
107.2361566	0.37780046	13
107.3172832	0.377775549	13
107.1917743	0.377289261	13
107.16134	0.377402314	13
107.3617992	0.377189458	13
107.0987781	0.377291054	13
107.4801543	0.377774447	13
106.7038768	0.377377011	13
107.0281319	0.376811225	13
107.215658	0.377374472	13
107.0846218	0.377491297	13
107.0862606	0.377466974	13
107.1611681	0.377678513	13
107.3136189	0.378039803	13
107.3695704	0.377870342	13
106.9367375	0.377749285	13
107.0682822	0.377685198	13
107.2063557	0.37734769	13
107.0695515	0.377472525	13
107.7239084	0.377741824	13
107.3638067	0.377594053	13
107.3955157	0.377152013	13
107.164416	0.377504275	13
107.2415707	0.377316106	13
107.2825455	0.377367763	13
107.0734017	0.377271939	13
107.1705617	0.377707487	13
106.9933161	0.377472296	13
107.3553069	0.377518834	13
107.24716	0.37740681	13
107.4975526	0.377760452	13
107.125031	0.37720236	13
107.3793867	0.377827105	13
106.9996894	0.377677973	13
107.4541597	0.377740289	13
107.0442811	0.377320818	13
107.1273579	0.37761282	13
107.4821639	0.377171739	13
106.7801341	0.377310233	13
107.6093096	0.377329594	13
107.4559704	0.377338925	13
107.2849575	0.377129115	13
107.5821489	0.377613226	13
107.1329921	0.377373324	13
107.5379554	0.377781512	13
107.1363929	0.377727143	13
107.0668408	0.37698643	13
107.6157763	0.377529575	13
107.0896895	0.377274442	13
107.1680352	0.377413855	13
107.6463076	0.377525669	13
107.6262239	0.377796704	13
107.1110976	0.377483379	13
106.9153811	0.377422318	13
107.0326335	0.377674113	13
107.2882194	0.377460607	13
107.2061048	0.377740289	13
107.2508631	0.377480031	13
107.3399848	0.377461919	13
106.9733688	0.377187397	13
107.3294613	0.377016392	13
107.2676852	0.377821728	13
107.3253905	0.377909087	13
107.328242	0.377207317	13
107.3061134	0.377933181	13
107.1828751	0.377679813	13
107.2648733	0.377572784	13
107.2310138	0.377552222	13
107.3826408	0.377740176	13
107.3092176	0.377298889	13
107.1811338	0.377262188	13
106.978586	0.377042963	13
107.6400002	0.377561848	13
107.4145456	0.377331085	13
107.4747631	0.377470424	13
107.6873702	0.377283913	13
106.9608181	0.377469021	13
107.3499212	0.377648757	13
107.3826837	0.37720831	13
107.0723819	0.377231658	13
107.546119	0.377834615	13
107.3966244	0.37721899	13
107.0274675	0.377712131	13
107.6011	0.377331487	13
107.166606	0.376606789	13
107.3087352	0.377560643	13
107.1837251	0.377115531	13
107.6231272	0.377656466	13
106.9761075	0.37715973	13
107.1448801	0.377933077	13
107.5229434	0.377665126	13
107.3606851	0.377896793	13
107.1344382	0.377524255	13
106.9899391	0.377669381	13
107.3329842	0.377080958	13
107.000657	0.376984535	13
107.1200441	0.377158004	13
107.4021152	0.377698974	13
107.1168266	0.377272742	13
107.1631712	0.377467192	13
107.1594433	0.377209821	13
107.2097957	0.377720976	13
107.1205256	0.37712239	13
107.146814	0.377525503	13
107.8288179	0.377677585	13
107.3538793	0.377712851	13
107.5293684	0.377149551	13
107.1433279	0.377154276	13
107.2421811	0.377498402	13
107.1109456	0.377121507	13
107.5441657	0.377437019	13
107.1765583	0.377286561	13
107.2516189	0.377667289	13
106.9925969	0.377316253	13
107.4169185	0.377414205	13
107.4786926	0.377037528	13
107.3092176	0.377733649	13
106.7524022	0.377265112	13
107.2249634	0.377417526	13
107.235315	0.37722582	13
107.1212805	0.377225153	13
106.9412266	0.377256974	13
106.830192	0.376882314	13
107.2006403	0.377026726	13
107.1775889	0.377476651	13
107.0020081	0.377451411	13
107.0078294	0.377377624	13
106.9790229	0.377129115	13
107.5216404	0.377601673	13
107.3377232	0.377587699	13
107.3585974	0.377883688	13
107.2517161	0.377757514	13
107.3578549	0.377511309	13
107.0674762	0.37762652	13
107.3273258	0.377379179	13
107.0946199	0.377439099	13
107.546119	0.377834615	13
107.5651184	0.377949053	13
107.0890066	0.377529639	13
107.2386153	0.377611131	13
107.2591249	0.377292794	13
107.430254	0.377808878	13
107.3170201	0.37778635	13
107.5124946	0.377518806	13
107.3151404	0.377358044	13
106.9827723	0.37742554	13
107.3784887	0.377378095	13
107.252258	0.377442457	13
107.3345025	0.37754307	13
107.1757324	0.377348738	13
107.3737571	0.376915164	13
107.3051906	0.377714529	13
107.3356295	0.37797406	13
106.8161022	0.377621153	13
107.16134	0.377402314	13
107.2809191	0.377514467	13
107.1136481	0.377565504	13
107.316444	0.377209269	13
107.3363197	0.377337764	13
107.0845996	0.3777574	13
106.8352705	0.377297089	13
107.2333248	0.377356519	13
107.6850479	0.37780306	13
107.412444	0.378060969	13
107.8118593	0.377931731	13
107.6027247	0.377412855	13
107.0614107	0.377906379	13
107.5168978	0.378012174	13
106.8312042	0.376851792	13
107.6592857	0.377808147	13
107.522149	0.377451969	13
107.304486	0.377717967	13
107.2184874	0.377361361	13
107.5822472	0.377744371	13
107.4034673	0.377354572	13
107.3458765	0.377568692	13
107.1496423	0.377654546	13
107.2361566	0.377162213	13
107.3273258	0.377379179	13
107.1159908	0.376914288	13
106.7524022	0.377230429	13
107.2948544	0.377927794	13
107.0359999	0.377530363	13
107.1000502	0.377255193	13
107.5821489	0.377157979	13
107.2390629	0.377674688	13
107.1129393	0.377217099	13
107.3228611	0.377689644	13
107.2987249	0.377551324	13
107.3695704	0.377870342	13
107.4024954	0.377717573	13
107.0373398	0.377213849	13
107.2070926	0.377593842	13
106.9320958	0.377587693	13
107.390377	0.377112416	13
107.5102098	0.377451411	13
107.2570429	0.377575856	13
107.3372942	0.377808962	13
107.0767928	0.377230734	13
107.3566863	0.377525343	13
106.8077537	0.377584096	13
107.3398378	0.37731376	13
107.1845572	0.377507385	13
107.4847526	0.377554038	13
106.9819322	0.377442611	13
107.6435709	0.377358151	13
107.4558691	0.377627407	13
107.2819132	0.377884044	13
107.2122452	0.377104019	13
107.4944289	0.377691972	13
107.5980812	0.377330618	13
107.1756631	0.37709803	13
106.9880573	0.377598703	13
107.2941342	0.377797627	13
107.2370499	0.377410208	13
107.4644131	0.377831685	13
107.5378629	0.377916936	13
107.1769579	0.377434468	13
107.3128265	0.377884286	13
107.5638564	0.377598557	13
107.4088087	0.377576484	13
107.2360581	0.377384738	13
107.1959983	0.377656466	13
107.2503185	0.377513447	13
107.0763025	0.377621153	13
107.515903	0.377296609	13
107.5542368	0.37767084	13
107.1956109	0.37742554	13
107.3370327	0.377328593	13
107.2695145	0.377514116	13
107.1639038	0.377084621	13
107.1901349	0.377475808	13
107.5454484	0.377567732	13
107.3626812	0.3775427	13
107.5746497	0.377736752	13
107.354239	0.377491055	13
107.1837251	0.378145666	13
107.1024126	0.377806434	13
107.0734017	0.377691779	13
107.3214963	0.377731255	13
107.0580729	0.377850085	13
107.413781	0.377520511	13
106.9886019	0.377291822	13
107.2190791	0.377564762	13
107.4236381	0.377442746	13
107.5980812	0.377317521	13
107.2370499	0.377410208	13
107.5178151	0.377665126	13
107.4121197	0.377901353	13
107.0443543	0.377041186	13
107.2249634	0.376812496	13
107.2557526	0.377685915	13
107.7543853	0.377547018	13
107.2357243	0.37734344	13
107.3196	0.377521691	13
106.9022176	0.37770888	13
107.0519415	0.377272596	13
107.6263966	0.377244442	13
107.2768483	0.377440829	13
107.3356295	0.377593555	13
107.2721052	0.377651738	13
106.9939832	0.376869608	13
107.2952369	0.377493477	13
107.5363835	0.377303157	13
107.2814523	0.378033171	13
107.0388519	0.377629983	13
107.3626812	0.377741181	13
106.9625191	0.377366988	13
107.2165113	0.377789919	13
107.4145456	0.377656689	13
107.2006403	0.377026726	13
107.3702152	0.377267299	13
107.1706687	0.377212441	13
107.3258208	0.377229446	13
107.2273946	0.377654382	13
107.4575801	0.377734129	13
107.5155123	0.3773574	13
107.3285848	0.377137916	13
107.1456956	0.377306297	13
107.2768483	0.377314686	13
106.8255388	0.377519266	13
107.2641446	0.377384434	13
107.1547153	0.377858988	13
107.434318	0.377406568	13
107.2917761	0.377704633	13
107.1975534	0.377316106	13
107.418949	0.377532171	13
107.225997	0.377575856	13
107.1828751	0.377211219	13
107.3968566	0.377564297	13
107.250638	0.377532468	13
107.0450591	0.377159993	13
107.3533651	0.37772572	13
106.9525657	0.377501532	13
107.1462988	0.377129234	13
107.4492485	0.377553797	13
107.3927489	0.377519104	13
107.4137366	0.377549168	13
107.216955	0.377711358	13
107.0967026	0.377891219	13
107.2219349	0.377733483	13
107.5164918	0.377404042	13
107.3398378	0.377899427	13
107.1908214	0.377398854	13
107.6400002	0.377397039	13
107.6450222	0.377509226	13
107.3888985	0.377390068	13
107.2193081	0.377380525	13
106.9219372	0.377449146	13
107.2026872	0.37728939	13
107.1649567	0.377691119	13
107.257333	0.377585487	13
107.4646968	0.377288046	13
107.2641446	0.377384434	13
107.2478455	0.377736954	13
107.1589639	0.377416115	13
107.1761147	0.377491193	13
106.8661246	0.377028674	13
107.3796627	0.377246963	13
107.5525897	0.377516336	13
107.3398378	0.37731376	13
107.2076707	0.377757485	13
107.219941	0.377760452	13
107.4747631	0.377470424	13
107.3505195	0.37751272	13
107.8036861	0.378171134	13
107.1904434	0.377614001	13
107.3888985	0.377040536	13
106.990451	0.377261346	13
107.4552608	0.377562815	13
107.0291195	0.376944979	13
107.3913613	0.377946621	13
107.3776302	0.377276523	13
107.0372776	0.37706411	13
107.2940771	0.377373184	13
107.2231404	0.37740681	13
107.5118847	0.377760228	13
107.1024126	0.377564977	13
107.6914782	0.377656466	13
107.5878431	0.377540157	13
107.5739723	0.377423316	13
106.8335899	0.377719546	13
107.3004085	0.377377824	13
107.6850479	0.37780306	13
107.0034994	0.377369817	13
107.3220811	0.377741699	13
107.146814	0.377525503	13
107.1876805	0.377825897	13
107.354537	0.377248993	13
107.3569369	0.377250563	13
107.4121197	0.377901353	13
107.4380225	0.377431093	13
107.125031	0.377757974	13
107.2718025	0.377243371	13
107.1676784	0.377705267	13
107.4802827	0.377796704	13
106.9327851	0.376664471	13
107.2145852	0.377460607	13
107.2888984	0.377167994	13
106.8700187	0.377051541	13
107.5363835	0.377221993	13
107.1305991	0.377210577	13
107.3363197	0.376861155	13
107.2529017	0.377336535	13
107.0945423	0.377309379	13
107.3573055	0.377530737	13
106.9707565	0.377768268	13
107.3282991	0.377746439	13
107.0767014	0.377104334	13
107.1419943	0.377227619	13
107.3746018	0.377445107	13
107.2751284	0.378008513	13
107.1462988	0.377129234	13
106.9343459	0.377174668	13
107.1574954	0.377281732	13
107.1170765	0.377403314	13
106.9300263	0.377503069	13
107.2357243	0.37734344	13
107.1873996	0.377460607	13
107.4094941	0.377847495	13
107.3822767	0.377396756	13
107.4644131	0.377831685	13
106.9567215	0.377182798	13
107.0443543	0.377041186	13
107.1915169	0.37698643	13
107.2012896	0.377082298	13
107.0006984	0.377518806	13
106.8862779	0.37715386	13
107.0631412	0.37659108	13
106.9599728	0.377334341	13
107.1224491	0.377394745	13
107.2032007	0.377470975	13
107.167175	0.377444807	13
107.1958853	0.377458932	13
107.295556	0.377874291	13
107.2919135	0.37770702	13
107.3578549	0.377457931	13
107.0290333	0.377065876	13
107.2041307	0.377485978	13
107.4349467	0.377335518	13
107.4680633	0.377246152	13
107.3253905	0.377781246	13
107.1967561	0.377245319	13
107.4364446	0.377132658	13
107.4034673	0.377832871	13
107.0967026	0.377891219	13
107.2041307	0.377474977	13
107.3104461	0.377271006	13
107.2645355	0.37771514	13
106.9065478	0.377554412	13
107.3302679	0.377268889	13
107.32835	0.377525343	13
107.2520191	0.377430308	13
107.3937832	0.377514301	13
107.2626265	0.377348969	13
107.0141169	0.37764197	13
107.0443543	0.377076128	13
106.7213427	0.377401534	13
107.3422942	0.377701432	13
107.1791495	0.377414002	13
107.4705759	0.377220026	13
107.1411711	0.377456358	13
107.3793867	0.377652976	13
107.0567345	0.377208464	13
107.1872757	0.377640942	13
107.0723819	0.377333102	13
107.5805974	0.377246152	13
107.4751661	0.377246152	13
106.8483338	0.377569844	13
106.8921827	0.377286719	13
107.3689354	0.378003016	13
107.2333248	0.377356519	13
107.3508746	0.377400114	13
107.1352397	0.377292794	13
106.9620098	0.377451411	13
107.340897	0.37774921	13
107.3263966	0.376830147	13
107.16181	0.377991929	13
107.5565705	0.377600791	13
107.2584521	0.377653186	13
107.0156629	0.377855181	13
107.0489021	0.37770888	13
107.369064	0.377350518	13
106.9964504	0.37740895	13
107.3426149	0.377338792	13
107.369064	0.377350518	13
107.5821489	0.377613226	13
107.2718025	0.377243371	13
107.2490472	0.37715578	13
107.3372942	0.37796138	13
107.5168978	0.378012174	13
107.3150624	0.377404848	13
107.6262239	0.377796704	13
107.1771947	0.377193114	13
107.1019266	0.377365512	13
107.1640825	0.377140329	13
107.0250001	0.377654325	13
107.0601509	0.376875552	13
107.2877433	0.377410208	13
107.2787112	0.37748351	13
106.829873	0.376979148	13
106.9428654	0.377288598	13
107.0528372	0.377292794	13
107.3291276	0.377767088	13
107.1372641	0.37770702	13
107.7378999	0.378049461	13
107.2006403	0.377026726	13
107.553675	0.377339117	13
107.430254	0.377808878	13
107.3822767	0.377396756	13
107.1771693	0.377712851	13
107.6673934	0.3777574	13
107.2673728	0.378075691	13
107.3273437	0.376999402	13
107.2706043	0.377485978	13
107.1919059	0.377878733	13
107.4526097	0.37761884	13
106.8203781	0.377621153	13
107.0281319	0.376811225	13
107.3888985	0.377040536	13
107.4874298	0.378098148	13
107.2041307	0.377485978	13
107.789819	0.377871375	13
107.7002856	0.378053247	13
107.0329067	0.377519104	13
107.1538206	0.377564762	13
107.1200441	0.377158004	13
107.3702152	0.377974891	13
107.3273258	0.377379179	13
107.1639038	0.377084621	13
107.2411313	0.377366648	13
106.9158085	0.377373459	13
107.4094941	0.377029415	13
107.5021691	0.377431093	13
106.9365295	0.377302492	13
107.2882194	0.377460607	13
107.1205256	0.377344922	13
107.3617992	0.377189458	13
107.0550523	0.377373837	13
107.4215392	0.377338925	13
107.3627813	0.377647911	13
107.3247209	0.377532626	13
107.1210482	0.377151573	13
107.2857581	0.377688956	13
107.3377232	0.377496456	13
107.4040851	0.377808197	13
106.9829854	0.377685326	13
107.3285848	0.377137916	13
107.2127179	0.377002804	13
107.2556748	0.377833079	13
107.1762276	0.377622299	13
107.5413925	0.377815505	13
106.956753	0.376924269	13
107.0243786	0.377401915	13
107.4786473	0.378039592	13
107.6744661	0.377318943	13
107.6149915	0.377651488	13
107.2468409	0.377042101	13
107.4747631	0.377421631	13
107.0651993	0.377232189	13
107.4558691	0.377627407	13
107.3858441	0.377552222	13
107.4485703	0.377776583	13
107.430254	0.377808878	13
107.2441234	0.377588706	13
107.2808922	0.377805039	13
107.0729106	0.377503906	13
107.354537	0.377302826	13
107.0935203	0.377605977	13
107.2440467	0.377726822	13
107.4066346	0.377231565	13
107.1205256	0.377344922	13
107.3557577	0.37751501	13
107.2920692	0.377858245	13
106.956228	0.377677188	13
106.9268892	0.377336215	13
107.1057677	0.377353723	13
107.1640305	0.377661792	13
107.2297871	0.377344751	13
107.3617992	0.37722545	13
107.1393308	0.377358593	13
107.5088978	0.377445715	13
107.2556748	0.377833079	13
107.2345106	0.377953255	13
107.0568759	0.37719382	13
107.0132283	0.377567411	13
107.2634944	0.376991253	13
107.2281681	0.377640942	13
106.915025	0.377369074	13
107.3996381	0.378015706	13
107.0752599	0.377153009	13
107.1594433	0.377527123	13
107.2411313	0.377366648	13
107.0291195	0.376944979	13
107.0794308	0.377519921	13
107.2695145	0.377514116	13
107.3784887	0.377416938	13
107.4621696	0.377416198	13
107.1533678	0.37724381	13
107.2486067	0.377208822	13
107.6042647	0.377253371	13
107.1771204	0.377252772	13
107.3576269	0.377526238	13
107.6169598	0.377824541	13
107.5056503	0.377869377	13
107.468087	0.377869377	13
107.2411313	0.377366648	13
107.3670324	0.377488654	13
107.2360842	0.377375181	13
107.4526097	0.37761884	13
106.9449094	0.377612933	13
107.7761756	0.377552222	13
107.0274675	0.377712131	13
106.8589699	0.377519372	13
107.1535494	0.377525021	13
106.9224131	0.376995387	13
107.0706212	0.377372541	13
107.1843852	0.377454141	13
107.1588089	0.377711381	13
107.3709497	0.377101318	13
107.2640126	0.377270034	13
107.401028	0.377582735	13
107.0729106	0.377503906	13
107.2083005	0.377850538	13
107.2140377	0.378012174	13
107.0538116	0.377768268	13
107.1791495	0.37715819	13
107.6335784	0.377710669	13
107.2127179	0.377002804	13
107.418949	0.378033973	13
107.3253905	0.377611348	13
107.1107226	0.377766091	13
107.2877433	0.377690602	13
107.4482568	0.377484689	13
107.4559704	0.377318391	13
107.4026927	0.377063568	13
107.136442	0.377359209	13
107.0601509	0.376875552	13
107.1344382	0.377524255	13
107.1099871	0.377642576	13
107.2787112	0.37748351	13
107.3388944	0.377313731	13
107.3512519	0.377521783	13
107.2498217	0.377325562	13
107.1589639	0.377416115	13
107.2411313	0.377366648	13
107.2562903	0.377444983	13
107.0871687	0.377404896	13
107.0635234	0.377710669	13
106.6761615	0.377401534	13
106.9974485	0.377501108	13
107.0534418	0.377001558	13
106.9925969	0.376985783	13
107.2402102	0.377430227	13
107.3621766	0.377348372	13
107.6168385	0.3778331	13
107.099568	0.377085201	13
107.5737441	0.377248232	13
107.2640126	0.377610858	13
107.4628207	0.377496162	13
107.3329842	0.377080958	13
107.1908214	0.377240718	13
107.0020081	0.377451411	13
107.0087427	0.376991253	13
107.263207	0.377734129	13
107.0476209	0.377259402	13
107.3569369	0.377681118	13
107.2440467	0.377726822	13
106.99793	0.377733917	13
107.216955	0.377711358	13
107.3029898	0.377303157	13
107.3924503	0.377574572	13
107.5040959	0.377463806	13
107.3741552	0.377336215	13
106.9820601	0.377550955	13
107.0528372	0.377292794	13
107.2814876	0.377054805	13
107.293829	0.377444626	13
106.7966021	0.377384738	13
106.9428654	0.377288598	13
107.3822767	0.377396756	13
107.4959264	0.377331379	13
107.0847566	0.377629918	13
107.0567345	0.377208464	13
107.0872652	0.376606789	13
107.3621766	0.377755674	13
106.915025	0.377369074	13
106.9820601	0.377550955	13
107.1872003	0.377139238	13
107.4987312	0.377521691	13
107.1640825	0.377140329	13
107.1127445	0.377507832	13
107.5878431	0.377540157	13
107.2945388	0.377334282	13
107.2673728	0.378075691	13
107.3776302	0.377276523	13
107.4807409	0.377908006	13
106.9866795	0.376942875	13
107.2234254	0.377533744	13
107.4222526	0.377292794	13
107.3776302	0.377625591	13
107.1639038	0.377543292	13
107.1904434	0.377614001	13
107.1456956	0.377306297	13
107.5164918	0.377404042	13
106.8700187	0.377051541	13
107.1129393	0.377217099	13
107.2259229	0.377164107	13
107.401028	0.377601928	13
107.3273258	0.376965254	13
107.4153353	0.377301678	13
107.2173431	0.377416938	13
107.3422942	0.377857709	13
107.1807289	0.376585585	13
107.1765583	0.377286561	13
107.3904202	0.377534766	13
107.0568759	0.37719382	13
106.9613169	0.377820401	13
107.4332271	0.377455403	13
107.2419837	0.377212403	13
106.9761075	0.37715973	13
107.1837251	0.377115531	13
107.6349051	0.378015331	13
107.2190911	0.377785036	13
107.0987781	0.377294376	13
107.4228231	0.377690602	13
107.4140269	0.377222927	13
107.2722321	0.377551312	13
107.1058993	0.377552222	13
107.2349694	0.377496419	13
107.1873576	0.376984535	13
107.1958853	0.377458932	13
107.3798044	0.377470156	13
107.2402102	0.377496419	13
107.3526658	0.377699073	13
107.3472373	0.377663974	13
107.4541597	0.377740289	13
106.9392115	0.377149031	13
107.2411313	0.377366648	13
107.2743226	0.37760213	13
106.8458522	0.377567411	13
107.5388395	0.377486144	13
107.4607689	0.377508807	13
106.9836065	0.377208155	13
107.3593041	0.377615351	13
107.2444391	0.377617874	13
107.3477502	0.377560643	13
107.1325539	0.377225177	13
107.3989945	0.37754307	13
107.2018576	0.377315996	13
107.0833464	0.377076128	13
107.4591163	0.377483218	13
107.0291195	0.377510795	13
107.3167947	0.377339117	13
107.6304622	0.377882207	13
107.1136481	0.377565504	13
107.3378524	0.377446996	13
107.1908214	0.377240718	13
107.2219349	0.377733483	13
107.0706357	0.377751057	13
107.1278787	0.37751272	13
107.1845572	0.377800202	13
107.1524446	0.377700505	13
107.2987021	0.377720976	13
107.032927	0.377451367	13
107.2419971	0.377238451	13
107.5372582	0.377993636	13
107.3246888	0.376683827	13
107.3648132	0.378209949	13
107.125031	0.377255141	13
107.4279578	0.377310233	13
107.4386108	0.377601649	13
107.1594433	0.377209821	13
107.0614107	0.377529792	13
107.1714707	0.378036268	13
107.0767014	0.377104334	13
107.0522831	0.378124962	13
107.2626541	0.377533215	13
107.2184874	0.377361361	13
107.1012686	0.37753762	13
107.137802	0.377277711	13
107.2718025	0.377278337	13
107.0351573	0.377562212	13
107.5549227	0.377712649	13
107.5475658	0.377993277	13
107.2730161	0.377043149	13
107.167175	0.377444807	13
107.1385938	0.378054336	13
107.266064	0.377914987	13
106.8360296	0.37688273	13
107.6360295	0.377721734	13
107.0794308	0.377108889	13
107.5708552	0.377600409	13
107.4773705	0.377483825	13
107.3533651	0.37772572	13
107.3519982	0.377415604	13
107.2909516	0.377803786	13
107.449672	0.377607462	13
106.9365295	0.377522267	13
107.4558691	0.377627407	13
107.1065717	0.377724618	13
107.1325539	0.377236925	13
107.3165984	0.377324664	13
107.1640825	0.377140329	13
107.4115887	0.377227619	13
106.9367375	0.377365144	13
107.219941	0.377507828	13
107.3638067	0.377694513	13
107.5746497	0.377736752	13
107.0812188	0.377376089	13
107.2402102	0.377572953	13
107.3519982	0.37744537	13
107.2883963	0.377402314	13
107.3689354	0.377348738	13
107.1205256	0.377344922	13
106.8653201	0.377435644	13
107.4959264	0.378001535	13
107.0695515	0.377472525	13
107.1173543	0.377268278	13
107.3638067	0.377771534	13
107.1762523	0.377671686	13
107.2390629	0.377813045	13
106.797197	0.377633964	13
107.0836233	0.377555144	13
107.1904434	0.377699073	13
107.3326095	0.377744431	13
107.0508826	0.377695834	13
107.2859766	0.377385775	13
107.2130075	0.377977094	13
107.146814	0.377525503	13
107.3395365	0.377521088	13
107.3092176	0.377278762	13
107.1456298	0.37801276	13
107.2521804	0.377851734	13
107.3643287	0.377488483	13
107.3092176	0.377298889	13
107.2730161	0.377043149	13
107.434392	0.377514106	13
107.18311	0.37785452	13
107.3087352	0.377560643	13
107.0006984	0.377775701	13
107.2361566	0.377767707	13
107.2032007	0.377147705	13
107.2047851	0.377373837	13
107.1926384	0.377420085	13
107.2708617	0.377279364	13
107.0481725	0.377481459	13
107.2326208	0.377278337	13
107.5574913	0.377330684	13
107.5021691	0.377431093	13
106.9071027	0.376580844	13
107.0890066	0.377529639	13
107.2143834	0.376762442	13
107.0192697	0.37758296	13
107.4034673	0.377832871	13
