7.92532e+01
7.71870e+01
6.73180e+01
7.74616e+01
7.86046e+01
7.87926e+01
7.62736e+01
7.62703e+01
7.18876e+01
7.60334e+01
7.59435e+01
7.29959e+01
7.31599e+01
7.59878e+01
6.73663e+01
7.18067e+01
7.71424e+01
7.35137e+01
7.56808e+01
7.42998e+01
7.30906e+01
7.38187e+01
7.45403e+01
7.09905e+01
7.73665e+01
7.38990e+01
7.56070e+01
7.13848e+01
7.77908e+01
7.37758e+01
7.30658e+01
7.41016e+01
6.99786e+01
7.38800e+01
7.56401e+01
7.69146e+01
7.27983e+01
7.49335e+01
6.95793e+01
7.36175e+01
7.20574e+01
7.30292e+01
7.79335e+01
7.50079e+01
7.19891e+01
7.61823e+01
7.67820e+01
8.43566e+01
6.73065e+01
7.48070e+01
8.01546e+01
7.80112e+01
7.82357e+01
7.52573e+01
6.93929e+01
7.10016e+01
7.58648e+01
7.42674e+01
7.00769e+01
7.65049e+01
3.78265e+01
4.49949e+01
4.28495e+01
4.50167e+01
4.86138e+01
4.65172e+01
3.91339e+01
4.30112e+01
4.85186e+01
4.43410e+01
4.57355e+01
4.58172e+01
4.15701e+01
4.61349e+01
4.31559e+01
3.89729e+01
4.24713e+01
4.46179e+01
4.95932e+01
4.45203e+01
4.59207e+01
4.00393e+01
4.33189e+01
4.59077e+01
4.11611e+01
4.69457e+01
4.81147e+01
4.61043e+01
4.28269e+01
4.84660e+01
4.59265e+01
4.67443e+01
4.55562e+01
4.81476e+01
4.06254e+01
4.80566e+01
4.69032e+01
4.11537e+01
4.77105e+01
4.36939e+01
3.73090e+01
4.11141e+01
4.06627e+01
4.95070e+01
4.31719e+01
4.48602e+01
4.48709e+01
4.00896e+01
4.32419e+01
4.17611e+01
4.67126e+01
4.54794e+01
4.76937e+01
5.02435e+01
4.02901e+01
4.23348e+01
4.22672e+01
5.11934e+01
4.59945e+01
4.39557e+01
2.95671e+01
3.23576e+01
3.41758e+01
3.36999e+01
3.41551e+01
3.23421e+01
3.35437e+01
3.29751e+01
3.39094e+01
3.22186e+01
3.73761e+01
3.52270e+01
3.07638e+01
3.53323e+01
3.29272e+01
3.27188e+01
3.77259e+01
2.76149e+01
3.12739e+01
3.38071e+01
3.88344e+01
3.19519e+01
3.28512e+01
3.34112e+01
3.01438e+01
3.59478e+01
3.50006e+01
3.44490e+01
3.60673e+01
3.94663e+01
3.55175e+01
3.72603e+01
3.54300e+01
3.07574e+01
3.47031e+01
2.93853e+01
3.01759e+01
3.41425e+01
3.10129e+01
3.57124e+01
3.13953e+01
3.66073e+01
3.94217e+01
3.80939e+01
3.48586e+01
3.29544e+01
3.39176e+01
3.80685e+01
3.61492e+01
3.32192e+01
3.59852e+01
3.31754e+01
3.10633e+01
3.06515e+01
3.19586e+01
3.80047e+01
3.39836e+01
3.27971e+01
3.65370e+01
3.22702e+01
2.49916e+01
2.69531e+01
2.60890e+01
2.76180e+01
2.56726e+01
2.50611e+01
2.57157e+01
2.70707e+01
2.44638e+01
2.56103e+01
2.83546e+01
2.99098e+01
2.72051e+01
2.73121e+01
2.45330e+01
2.86465e+01
2.82502e+01
2.69621e+01
2.18060e+01
2.47090e+01
2.82477e+01
2.69147e+01
2.90260e+01
2.73102e+01
2.99385e+01
2.51005e+01
2.30834e+01
3.06258e+01
2.43063e+01
2.58162e+01
2.72538e+01
2.54236e+01
2.74147e+01
2.64548e+01
2.89540e+01
2.82340e+01
2.66068e+01
2.50424e+01
2.73135e+01
2.60306e+01
2.68605e+01
2.64938e+01
2.41593e+01
2.54165e+01
2.53036e+01
2.76536e+01
2.63500e+01
2.25987e+01
2.20784e+01
2.93224e+01
2.61053e+01
2.60204e+01
2.65234e+01
2.55362e+01
2.69774e+01
2.59487e+01
2.65984e+01
2.29365e+01
2.57619e+01
2.65014e+01
2.08311e+01
1.90411e+01
2.07701e+01
2.03157e+01
2.21277e+01
2.08485e+01
1.67385e+01
2.10839e+01
2.12794e+01
2.28766e+01
1.90559e+01
1.90069e+01
1.84696e+01
2.01858e+01
1.82742e+01
2.09027e+01
1.98190e+01
2.02884e+01
2.13166e+01
1.93596e+01
2.11921e+01
2.18186e+01
2.12919e+01
2.08729e+01
1.99458e+01
2.21334e+01
1.90088e+01
2.25697e+01
2.05489e+01
2.01338e+01
2.16888e+01
2.18714e+01
1.89257e+01
2.03149e+01
1.99457e+01
1.79362e+01
2.03257e+01
2.05411e+01
2.01536e+01
2.06292e+01
1.94752e+01
2.28673e+01
1.97151e+01
2.20006e+01
2.32036e+01
2.20268e+01
2.16903e+01
1.91654e+01
2.10039e+01
2.11405e+01
2.17626e+01
1.95067e+01
2.36255e+01
2.27346e+01
2.37465e+01
2.27095e+01
1.94255e+01
2.10532e+01
2.09235e+01
1.99589e+01
