4.40782e+00
4.40907e+00
4.41039e+00
4.41017e+00
4.40860e+00
4.40927e+00
4.40918e+00
4.40917e+00
4.40964e+00
4.40994e+00
4.40890e+00
4.40917e+00
4.40890e+00
4.41036e+00
4.40935e+00
4.40933e+00
4.41014e+00
4.40958e+00
4.40924e+00
4.40983e+00
4.40886e+00
4.40973e+00
4.40863e+00
4.40946e+00
4.40891e+00
4.41068e+00
4.40969e+00
4.40867e+00
4.41002e+00
4.40843e+00
4.40978e+00
4.40965e+00
4.41036e+00
4.40896e+00
4.40920e+00
4.40818e+00
4.40883e+00
4.40971e+00
4.40927e+00
4.40930e+00
4.41006e+00
4.40958e+00
4.40978e+00
4.40915e+00
4.40944e+00
4.40937e+00
4.40925e+00
4.40981e+00
4.40863e+00
4.40897e+00
4.40900e+00
4.40891e+00
4.40986e+00
4.40928e+00
4.40872e+00
4.41004e+00
4.40932e+00
4.40964e+00
4.40947e+00
4.40876e+00
4.15104e+00
4.15114e+00
4.15094e+00
4.15117e+00
4.15113e+00
4.15114e+00
4.15119e+00
4.15128e+00
4.15098e+00
4.15086e+00
4.15151e+00
4.15098e+00
4.15108e+00
4.15075e+00
4.15064e+00
4.15118e+00
4.15107e+00
4.15083e+00
4.15105e+00
4.15074e+00
4.15107e+00
4.15101e+00
4.15092e+00
4.15118e+00
4.15079e+00
4.15099e+00
4.15089e+00
4.15084e+00
4.15092e+00
4.15134e+00
4.15116e+00
4.15105e+00
4.15069e+00
4.15099e+00
4.15120e+00
4.15100e+00
4.15100e+00
4.15085e+00
4.15115e+00
4.15094e+00
4.15073e+00
4.15110e+00
4.15105e+00
4.15131e+00
4.15057e+00
4.15046e+00
4.15089e+00
4.15130e+00
4.15090e+00
4.15078e+00
4.15143e+00
4.15101e+00
4.15058e+00
4.15083e+00
4.15083e+00
4.15107e+00
4.15102e+00
4.15048e+00
4.15072e+00
4.15106e+00
4.05478e+00
4.05447e+00
4.05454e+00
4.05457e+00
4.05448e+00
4.05456e+00
4.05476e+00
4.05459e+00
4.05476e+00
4.05467e+00
4.05467e+00
4.05471e+00
4.05458e+00
4.05477e+00
4.05492e+00
4.05478e+00
4.05464e+00
4.05471e+00
4.05472e+00
4.05462e+00
4.05465e+00
4.05454e+00
4.05451e+00
4.05440e+00
4.05504e+00
4.05472e+00
4.05480e+00
4.05440e+00
4.05450e+00
4.05445e+00
4.05461e+00
4.05467e+00
4.05454e+00
4.05478e+00
4.05482e+00
4.05474e+00
4.05478e+00
4.05464e+00
4.05456e+00
4.05464e+00
4.05474e+00
4.05456e+00
4.05439e+00
4.05477e+00
4.05452e+00
4.05476e+00
4.05473e+00
4.05449e+00
4.05457e+00
4.05448e+00
4.05475e+00
4.05434e+00
4.05482e+00
4.05459e+00
4.05456e+00
4.05464e+00
4.05477e+00
4.05493e+00
4.05496e+00
4.05472e+00
3.99279e+00
3.99268e+00
3.99308e+00
3.99304e+00
3.99311e+00
3.99315e+00
3.99303e+00
3.99335e+00
3.99289e+00
3.99301e+00
3.99311e+00
3.99299e+00
3.99299e+00
3.99292e+00
3.99299e+00
3.99318e+00
3.99310e+00
3.99306e+00
3.99295e+00
3.99284e+00
3.99300e+00
3.99293e+00
3.99306e+00
3.99298e+00
3.99306e+00
3.99310e+00
3.99293e+00
3.99324e+00
3.99305e+00
3.99321e+00
3.99309e+00
3.99328e+00
3.99303e+00
3.99311e+00
3.99311e+00
3.99325e+00
3.99316e+00
3.99295e+00
3.99287e+00
3.99278e+00
3.99338e+00
3.99316e+00
3.99300e+00
3.99304e+00
3.99302e+00
3.99324e+00
3.99294e+00
3.99300e+00
3.99281e+00
3.99308e+00
3.99297e+00
3.99310e+00
3.99300e+00
3.99294e+00
3.99285e+00
3.99321e+00
3.99289e+00
3.99309e+00
3.99333e+00
3.99312e+00
3.94751e+00
3.94728e+00
3.94766e+00
3.94779e+00
3.94755e+00
3.94772e+00
3.94757e+00
3.94770e+00
3.94774e+00
3.94754e+00
3.94784e+00
3.94755e+00
3.94761e+00
3.94759e+00
3.94748e+00
3.94768e+00
3.94736e+00
3.94747e+00
3.94761e+00
3.94745e+00
3.94751e+00
3.94744e+00
3.94754e+00
3.94770e+00
3.94742e+00
3.94738e+00
3.94767e+00
3.94765e+00
3.94728e+00
3.94745e+00
3.94764e+00
3.94750e+00
3.94735e+00
3.94742e+00
3.94771e+00
3.94771e+00
3.94777e+00
3.94790e+00
3.94763e+00
3.94747e+00
3.94742e+00
3.94766e+00
3.94772e+00
3.94742e+00
3.94752e+00
3.94749e+00
3.94761e+00
3.94730e+00
3.94771e+00
3.94739e+00
3.94751e+00
3.94752e+00
3.94767e+00
3.94752e+00
3.94773e+00
3.94765e+00
3.94769e+00
3.94778e+00
3.94756e+00
3.94768e+00
