-2.11775e+00
1.87099e-01
-9.52297e+00
-2.37625e+00
4.43443e+00
-3.45339e+00
2.67992e+00
8.82098e-02
-6.49191e+00
-5.44179e+00
-9.18029e-01
6.00608e-01
-3.22785e+00
-2.84183e+00
-1.51071e+00
-3.21681e+00
-4.62299e+00
-6.42249e+00
5.14797e+00
-1.40182e+00
-8.48544e-01
-3.41897e+00
3.08902e+00
-4.98615e+00
1.48060e+00
-7.63686e+00
-4.62030e+00
-3.53090e+00
-6.23210e+00
5.30950e+00
-7.52497e+00
-3.37588e+00
-2.43507e+00
4.48278e-01
7.20654e-01
6.14943e-01
-2.77817e+00
2.62975e-01
-3.16142e+00
-3.59703e+00
-4.11039e+00
-8.66176e-01
-3.60282e+00
3.12144e-01
-6.49138e+00
-2.12678e+00
-2.97172e-01
-6.18701e+00
5.90931e-01
-1.24704e+00
-4.31743e+00
-1.89335e+00
-6.41536e+00
-2.87838e+00
6.08826e-01
-1.19686e+00
1.40550e+00
-1.67906e+00
-9.74489e-01
-3.63442e+00
2.49628e+03
2.49543e+03
2.49748e+03
2.50593e+03
2.50356e+03
2.49954e+03
2.50316e+03
2.48847e+03
2.49341e+03
2.51174e+03
2.49097e+03
2.49926e+03
2.50920e+03
2.50592e+03
2.51079e+03
2.49586e+03
2.49547e+03
2.50195e+03
2.48626e+03
2.50763e+03
2.50151e+03
2.49536e+03
2.49992e+03
2.48952e+03
2.50742e+03
2.50401e+03
2.50786e+03
2.49930e+03
2.49789e+03
2.49614e+03
2.50601e+03
2.50358e+03
2.50291e+03
2.50112e+03
2.48889e+03
2.50589e+03
2.49460e+03
2.50373e+03
2.49788e+03
2.50007e+03
2.50624e+03
2.49517e+03
2.49775e+03
2.49567e+03
2.50981e+03
2.50602e+03
2.50656e+03
2.48564e+03
2.50485e+03
2.50255e+03
2.49544e+03
2.50048e+03
2.50884e+03
2.50392e+03
2.50499e+03
2.50009e+03
2.50778e+03
2.51710e+03
2.50635e+03
2.50168e+03
4.99345e+03
5.00365e+03
5.00769e+03
5.00381e+03
5.00527e+03
4.99587e+03
4.98852e+03
5.00032e+03
5.00360e+03
5.00088e+03
5.00606e+03
5.00012e+03
5.01606e+03
4.99830e+03
4.99928e+03
4.99981e+03
4.99049e+03
4.99554e+03
5.00676e+03
5.01118e+03
4.99458e+03
5.01036e+03
5.00508e+03
5.00572e+03
4.98421e+03
4.99530e+03
4.99797e+03
5.01352e+03
5.00680e+03
5.01598e+03
4.99485e+03
5.00827e+03
5.01694e+03
4.98748e+03
5.00274e+03
5.00406e+03
4.99690e+03
4.99708e+03
5.00720e+03
4.99894e+03
4.99287e+03
5.01440e+03
5.00537e+03
5.00418e+03
5.00000e+03
5.00535e+03
5.00844e+03
5.01551e+03
5.00377e+03
5.00407e+03
4.99943e+03
5.01191e+03
5.00272e+03
4.99761e+03
5.01039e+03
5.00809e+03
4.99695e+03
4.99888e+03
4.98870e+03
4.99948e+03
7.51157e+03
7.50569e+03
7.50767e+03
7.50216e+03
7.49375e+03
7.50047e+03
7.50050e+03
7.48753e+03
7.51875e+03
7.50807e+03
7.49553e+03
7.51276e+03
7.50092e+03
7.51070e+03
7.50379e+03
7.48831e+03
7.49838e+03
7.50770e+03
7.49689e+03
7.51312e+03
7.49971e+03
7.49714e+03
7.48836e+03
7.51979e+03
7.49956e+03
7.50728e+03
7.51601e+03
7.50262e+03
7.50368e+03
7.50050e+03
7.50246e+03
7.49398e+03
7.51160e+03
7.50145e+03
7.50345e+03
7.49473e+03
7.50260e+03
7.50562e+03
7.50687e+03
7.51919e+03
7.47312e+03
7.50490e+03
7.51371e+03
7.50208e+03
7.51050e+03
7.49691e+03
7.51165e+03
7.50348e+03
7.50883e+03
7.49650e+03
7.50268e+03
7.50623e+03
7.51271e+03
7.51213e+03
7.52043e+03
7.50430e+03
7.51367e+03
7.50518e+03
7.49540e+03
7.50018e+03
9.99963e+03
1.00126e+04
9.98877e+03
9.96948e+03
1.00076e+04
9.99380e+03
9.99292e+03
9.99467e+03
1.00098e+04
9.99885e+03
9.99041e+03
1.00120e+04
9.99777e+03
9.99926e+03
1.00074e+04
9.99444e+03
1.00033e+04
1.00061e+04
9.99218e+03
1.00040e+04
1.00152e+04
1.00091e+04
1.00152e+04
9.99076e+03
1.00107e+04
1.00015e+04
9.98652e+03
1.00108e+04
1.00041e+04
1.00082e+04
9.98044e+03
1.00210e+04
1.00110e+04
1.00069e+04
9.97379e+03
9.99014e+03
9.97129e+03
9.97649e+03
9.98668e+03
9.99841e+03
1.00228e+04
1.00170e+04
1.00030e+04
1.00131e+04
1.00063e+04
1.00123e+04
1.00091e+04
1.00005e+04
9.99936e+03
1.00253e+04
9.99485e+03
9.99191e+03
1.00001e+04
9.99306e+03
9.98713e+03
1.00024e+04
9.98811e+03
9.99480e+03
1.00014e+04
1.00175e+04
