9.01682e+01
9.35227e+01
9.32760e+01
8.54491e+01
9.39291e+01
9.32171e+01
9.24315e+01
9.03078e+01
9.30607e+01
8.98910e+01
9.27200e+01
8.60416e+01
9.21287e+01
8.97718e+01
9.24690e+01
9.39030e+01
9.00635e+01
9.20859e+01
8.95064e+01
9.11467e+01
9.05880e+01
9.22308e+01
9.17875e+01
9.25243e+01
9.00931e+01
9.05421e+01
9.20334e+01
9.24760e+01
9.25799e+01
9.54976e+01
9.13120e+01
9.43121e+01
9.47222e+01
9.19986e+01
9.25275e+01
8.89428e+01
9.13038e+01
9.24156e+01
9.13402e+01
9.39802e+01
9.07115e+01
9.11066e+01
9.34047e+01
9.18009e+01
8.80265e+01
9.18346e+01
8.91081e+01
9.03737e+01
9.07536e+01
9.07642e+01
9.20341e+01
8.76667e+01
9.22602e+01
8.98967e+01
9.47612e+01
9.04244e+01
9.45111e+01
9.12362e+01
9.11574e+01
9.24760e+01
