-4.96997e+03
-5.03837e+03
-5.05384e+03
-5.00983e+03
-4.95374e+03
-4.99181e+03
-5.10386e+03
-4.97825e+03
-5.01229e+03
-5.02162e+03
-4.96978e+03
-5.03587e+03
-4.98983e+03
-4.96896e+03
-5.01993e+03
-4.98246e+03
-5.05554e+03
-4.97780e+03
-4.97296e+03
-5.01986e+03
-4.93500e+03
-4.94709e+03
-4.97912e+03
-4.99775e+03
-5.05815e+03
-4.99834e+03
-5.01740e+03
-4.99597e+03
-5.02824e+03
-4.99828e+03
-4.98588e+03
-4.99549e+03
-4.89598e+03
-5.00696e+03
-5.04983e+03
-5.04112e+03
-4.97981e+03
-5.02592e+03
-5.00996e+03
-4.96140e+03
-4.98190e+03
-5.03631e+03
-5.03442e+03
-4.91884e+03
-5.07014e+03
-5.00676e+03
-5.04202e+03
-4.95880e+03
-5.04510e+03
-5.05209e+03
-5.01682e+03
-5.01238e+03
-5.04628e+03
-5.01773e+03
-4.97820e+03
-5.01628e+03
-5.00551e+03
-5.04282e+03
-5.06288e+03
-4.95624e+03
-4.26574e+03
-4.29136e+03
-4.31609e+03
-4.21022e+03
-4.25694e+03
-4.14848e+03
-4.24161e+03
-4.19782e+03
-4.24529e+03
-4.24095e+03
-4.19828e+03
-4.21806e+03
-4.17759e+03
-4.16024e+03
-4.26688e+03
-4.25449e+03
-4.20371e+03
-4.22708e+03
-4.13081e+03
-4.16544e+03
-4.25331e+03
-4.20011e+03
-4.19905e+03
-4.27910e+03
-4.26096e+03
-4.25748e+03
-4.13125e+03
-4.26252e+03
-4.15968e+03
-4.28808e+03
-4.24953e+03
-4.27087e+03
-4.20172e+03
-4.23072e+03
-4.21833e+03
-4.20813e+03
-4.24339e+03
-4.19887e+03
-4.20997e+03
-4.27750e+03
-4.20872e+03
-4.26788e+03
-4.16884e+03
-4.26392e+03
-4.28684e+03
-4.22021e+03
-4.19205e+03
-4.23763e+03
-4.35070e+03
-4.24452e+03
-4.33107e+03
-4.10867e+03
-4.25135e+03
-4.25243e+03
-4.29577e+03
-4.27003e+03
-4.35333e+03
-4.21585e+03
-4.15531e+03
-4.21136e+03
-3.58698e+03
-3.45895e+03
-3.53616e+03
-3.60308e+03
-3.55127e+03
-3.53065e+03
-3.52731e+03
-3.37149e+03
-3.48381e+03
-3.53148e+03
-3.48793e+03
-3.47125e+03
-3.60013e+03
-3.59677e+03
-3.66415e+03
-3.48066e+03
-3.47977e+03
-3.45271e+03
-3.37199e+03
-3.54269e+03
-3.54263e+03
-3.44357e+03
-3.44692e+03
-3.50023e+03
-3.42754e+03
-3.57823e+03
-3.39072e+03
-3.40796e+03
-3.50107e+03
-3.39080e+03
-3.51499e+03
-3.51190e+03
-3.65883e+03
-3.57997e+03
-3.63765e+03
-3.60939e+03
-3.52384e+03
-3.47104e+03
-3.60866e+03
-3.45657e+03
-3.52786e+03
-3.41742e+03
-3.45315e+03
-3.52428e+03
-3.58038e+03
-3.45664e+03
-3.56636e+03
-3.53078e+03
-3.47349e+03
-3.38183e+03
-3.42137e+03
-3.54575e+03
-3.53606e+03
-3.43053e+03
-3.57628e+03
-3.56494e+03
-3.48593e+03
-3.52273e+03
-3.43878e+03
-3.55223e+03
-2.97466e+03
-2.93069e+03
-2.77461e+03
-2.75127e+03
-2.99806e+03
-2.90280e+03
-2.85964e+03
-2.89067e+03
-2.82689e+03
-2.90734e+03
-2.89077e+03
-2.72661e+03
-2.80412e+03
-2.84467e+03
-2.92298e+03
-2.89087e+03
-2.78650e+03
-2.80105e+03
-2.90801e+03
-2.81587e+03
-2.86541e+03
-2.83701e+03
-2.83747e+03
-2.86634e+03
-2.78311e+03
-2.87221e+03
-2.87082e+03
-2.86839e+03
-2.89777e+03
-2.82352e+03
-2.85856e+03
-2.95051e+03
-2.88478e+03
-2.87071e+03
-2.88979e+03
-2.86844e+03
-2.80544e+03
-2.79714e+03
-2.94135e+03
-2.74598e+03
-2.93007e+03
-2.96747e+03
-2.87236e+03
-2.91673e+03
-2.92973e+03
-2.91925e+03
-2.79419e+03
-2.74223e+03
-2.73832e+03
-2.79368e+03
-2.83947e+03
-2.78677e+03
-2.92838e+03
-2.86338e+03
-2.93687e+03
-2.85363e+03
-2.79446e+03
-2.95086e+03
-2.87700e+03
-2.81700e+03
-2.06146e+03
-2.13343e+03
-2.44737e+03
-2.24081e+03
-2.18395e+03
-2.23495e+03
-2.23805e+03
-2.21890e+03
-2.27220e+03
-2.25546e+03
-2.20303e+03
-2.22458e+03
-2.08860e+03
-2.23564e+03
-2.30755e+03
-2.16379e+03
-2.19442e+03
-2.16561e+03
-2.20589e+03
-2.24737e+03
-2.27798e+03
-2.27429e+03
-2.42762e+03
-2.25578e+03
-2.30447e+03
-2.19997e+03
-2.26179e+03
-2.30310e+03
-2.20470e+03
-2.29807e+03
-2.31155e+03
-2.19782e+03
-2.33162e+03
-2.03182e+03
-2.06284e+03
-2.32067e+03
-2.29936e+03
-2.17184e+03
-2.34925e+03
-2.24831e+03
-2.25722e+03
-2.26057e+03
-2.26032e+03
-2.25248e+03
-2.36025e+03
-2.33301e+03
-2.28023e+03
-2.19108e+03
-2.29351e+03
-2.19519e+03
-2.35542e+03
-2.18590e+03
-2.27739e+03
-2.16388e+03
-2.10802e+03
-2.23182e+03
-2.16489e+03
-2.25205e+03
-2.26058e+03
-2.06225e+03
