-4.51296e+01
-4.63937e+01
-4.19364e+01
-4.38621e+01
-4.26828e+01
-4.14364e+01
-3.85330e+01
-4.69411e+01
-4.13027e+01
-4.37173e+01
-4.35394e+01
-4.25656e+01
-4.69883e+01
-4.35881e+01
-4.42824e+01
-4.21403e+01
-4.36433e+01
-4.81371e+01
-4.32872e+01
-4.35905e+01
-4.69149e+01
-4.44178e+01
-4.39531e+01
-4.31029e+01
-4.91555e+01
-4.51315e+01
-4.36234e+01
-4.45936e+01
-4.96033e+01
-4.95549e+01
-4.70758e+01
-4.39202e+01
-4.13265e+01
-4.48937e+01
-3.85775e+01
-4.10304e+01
-4.96117e+01
-4.21815e+01
-4.29217e+01
-4.40233e+01
-4.48393e+01
-4.35719e+01
-4.13758e+01
-4.36719e+01
-4.19198e+01
-5.22353e+01
-4.37185e+01
-4.45385e+01
-4.98246e+01
-4.72421e+01
-4.93409e+01
-4.53925e+01
-4.73393e+01
-5.01463e+01
-4.79608e+01
-4.53763e+01
-4.75433e+01
-4.62785e+01
-4.14682e+01
-4.47714e+01
-2.94223e+01
-2.79588e+01
-2.98412e+01
-3.22822e+01
-3.47736e+01
-2.41256e+01
-2.45506e+01
-2.92143e+01
-2.72633e+01
-2.74634e+01
-3.18288e+01
-2.86634e+01
-2.71791e+01
-2.74972e+01
-2.87344e+01
-2.88548e+01
-2.56414e+01
-2.75145e+01
-3.00179e+01
-2.64422e+01
-3.71469e+01
-2.88018e+01
-2.61260e+01
-2.24894e+01
-2.56494e+01
-3.22700e+01
-2.88994e+01
-3.45670e+01
-3.05869e+01
-2.56311e+01
-2.52772e+01
-2.72378e+01
-2.31783e+01
-3.25433e+01
-3.19555e+01
-2.67977e+01
-2.46442e+01
-2.77311e+01
-2.82786e+01
-2.69232e+01
-2.76416e+01
-2.66583e+01
-3.05548e+01
-2.42340e+01
-2.87521e+01
-2.38738e+01
-2.84845e+01
-2.73875e+01
-3.07654e+01
-2.74190e+01
-2.75748e+01
-2.51207e+01
-2.91603e+01
-2.65927e+01
-2.52626e+01
-2.33079e+01
-3.40721e+01
-2.37116e+01
-2.81729e+01
-2.65269e+01
-1.10155e+01
-9.61015e+00
-1.31647e+01
-5.19254e+00
-1.37620e+01
-8.44412e+00
-1.14658e+01
-9.70596e+00
-1.18515e+01
-1.13055e+01
-6.02190e+00
-9.67468e+00
-7.14170e+00
-1.05287e+01
-1.34332e+01
-1.71579e+01
-9.02489e+00
-1.25282e+01
-5.97327e+00
-1.17344e+01
-9.84390e+00
-1.05106e+01
-6.90249e+00
-9.81904e+00
-1.01116e+01
-1.14982e+01
-1.14970e+01
-8.89773e+00
-1.13492e+01
-6.42753e+00
-1.36083e+01
-7.34260e+00
-9.80445e+00
-9.39964e+00
-9.79603e+00
-5.81276e+00
-1.15896e+01
-4.76708e+00
-9.64445e+00
-9.73968e+00
-1.16855e+01
-1.33999e+01
-1.07879e+01
-9.98755e+00
-1.00954e+01
-7.20209e+00
-9.53320e+00
-8.18675e+00
-1.10456e+01
-2.07350e+00
-1.16523e+01
-7.82964e+00
-1.09826e+01
-5.92024e+00
-8.58728e+00
-1.19002e+01
-6.27249e+00
-7.42827e+00
-1.42889e+01
-1.06051e+01
-2.09330e+00
-3.02818e+00
3.53950e-01
-4.93599e+00
-3.27044e+00
-2.24333e+00
-4.94259e-01
-2.14442e-01
1.58188e+00
-4.38421e-01
-5.56131e+00
-7.79998e-01
-1.88093e+00
-2.11197e+00
-2.44099e+00
-3.13185e+00
1.86599e-01
2.61137e-01
-4.70432e+00
-2.07204e+00
8.21337e-02
1.21352e-01
-4.55122e+00
-2.45871e+00
-4.49251e+00
-3.29950e+00
-2.62277e+00
-2.61242e+00
-8.00106e-01
-5.45047e+00
-1.40347e+00
-1.35742e+00
4.77922e-01
-1.39456e+00
-3.91900e+00
-1.30298e-01
-3.61524e+00
-9.55780e-02
3.73111e-01
-5.80092e-03
-2.71929e+00
-3.72451e+00
-9.05239e-01
8.63448e-01
-4.99186e+00
3.65182e-01
-3.35806e+00
-4.68540e+00
-2.07637e+00
-3.88854e+00
-2.62692e+00
-4.06436e+00
-1.31382e+00
-1.82450e+00
-4.98127e+00
-1.14357e+00
-7.22787e-01
-4.66146e+00
-1.89408e-01
-8.77754e-01
3.06869e+00
1.62006e-01
6.54641e+00
3.89351e+00
5.02786e+00
6.15995e+00
3.36658e+00
3.72819e+00
5.01974e+00
3.32014e+00
3.18265e+00
5.13606e+00
3.87559e+00
2.90771e+00
1.72082e+00
2.47690e+00
3.10220e+00
5.06085e+00
5.08971e+00
4.31322e+00
5.19791e+00
3.44237e+00
1.84358e+00
3.40967e+00
6.19434e+00
4.95088e+00
5.04758e+00
6.18969e+00
4.91829e+00
2.16128e+00
5.15298e+00
6.92498e+00
3.73412e+00
3.79365e+00
1.95638e+00
2.97115e+00
4.54787e+00
7.31839e-01
3.97921e+00
4.31006e+00
1.88970e+00
4.36668e+00
5.74289e+00
5.78766e+00
1.39780e+00
3.49666e+00
3.38944e+00
5.75949e+00
4.33985e+00
9.45322e-01
4.02027e+00
3.85202e+00
4.22089e+00
5.13997e+00
3.10637e+00
1.53375e+00
1.76990e+00
2.80974e+00
5.70761e+00
6.31871e+00
