1.24583e+00
-3.62860e+00
5.53418e+00
-4.08840e+00
-2.70840e+00
-4.36997e+00
-1.20317e+00
7.44453e-01
-2.26059e+00
4.36411e+00
3.81488e+00
-1.83450e+00
-7.22588e-01
1.18437e+00
5.14998e-01
1.99776e+00
-2.74990e+00
3.96201e+00
5.09406e-01
2.76761e+00
-2.20905e-01
-2.42288e+00
-5.87468e+00
-1.53112e+00
-5.21356e+00
-1.62125e+00
-4.62273e-01
-9.32697e-01
3.20194e+00
-1.99098e+00
1.59870e+00
3.78117e-01
2.35682e+00
-2.02993e+00
1.29087e+00
-2.86151e+00
2.29142e+00
1.69157e+00
2.52418e+00
4.86970e-02
-3.10773e+00
1.48647e+00
-2.73333e+00
-3.24984e+00
-1.45251e+00
-4.09043e+00
1.76641e+00
-3.12498e+00
-1.86309e-02
-1.61269e-01
-2.44631e+00
1.11160e+00
9.26128e-01
-1.16782e+00
-1.73000e+00
-3.81617e+00
1.57515e+00
-4.67778e-01
1.25230e-04
2.24916e-01
2.80066e+02
2.78199e+02
2.83140e+02
2.82302e+02
2.80065e+02
2.82403e+02
2.76945e+02
2.80485e+02
2.77243e+02
2.80146e+02
2.82355e+02
2.75874e+02
2.79848e+02
2.78313e+02
2.85481e+02
2.85767e+02
2.88264e+02
2.82036e+02
2.83809e+02
2.77813e+02
2.83990e+02
2.76749e+02
2.83305e+02
2.80020e+02
2.83846e+02
2.82232e+02
2.79383e+02
2.80639e+02
2.79795e+02
2.79699e+02
2.82394e+02
2.80789e+02
2.78377e+02
2.82898e+02
2.79728e+02
2.79424e+02
2.81643e+02
2.79186e+02
2.81342e+02
2.85604e+02
2.78461e+02
2.82556e+02
2.82951e+02
2.80805e+02
2.88894e+02
2.79353e+02
2.77169e+02
2.79647e+02
2.77392e+02
2.83186e+02
2.82988e+02
2.82289e+02
2.80795e+02
2.83039e+02
2.79855e+02
2.82960e+02
2.85529e+02
2.82564e+02
2.79003e+02
2.83776e+02
8.01968e+02
8.01372e+02
7.98778e+02
7.98554e+02
7.95434e+02
7.97602e+02
8.04482e+02
8.02981e+02
7.98455e+02
8.03069e+02
7.95621e+02
8.03169e+02
7.99653e+02
7.97222e+02
8.01741e+02
8.03479e+02
7.99067e+02
8.01269e+02
8.02406e+02
7.97345e+02
8.00399e+02
7.98583e+02
8.04033e+02
8.03993e+02
8.04000e+02
8.05896e+02
7.95245e+02
7.97327e+02
7.96026e+02
8.01206e+02
8.04175e+02
8.03229e+02
7.99892e+02
8.00174e+02
7.98897e+02
7.98731e+02
8.00535e+02
7.99118e+02
7.94688e+02
8.01100e+02
7.99692e+02
8.00745e+02
8.00820e+02
7.99716e+02
8.00304e+02
7.99472e+02
7.96848e+02
8.00686e+02
8.04474e+02
7.99097e+02
7.98289e+02
7.98278e+02
8.01609e+02
8.04003e+02
7.98468e+02
8.03917e+02
8.01713e+02
7.96437e+02
7.97250e+02
7.94341e+02
1.71779e+03
1.71374e+03
1.71752e+03
1.71794e+03
1.71476e+03
1.71555e+03
1.72265e+03
1.71783e+03
1.71938e+03
1.71800e+03
1.71488e+03
1.71528e+03
1.71230e+03
1.71350e+03
1.72724e+03
1.71741e+03
1.71995e+03
1.71365e+03
1.71265e+03
1.71282e+03
1.71820e+03
1.71565e+03
1.71736e+03
1.72323e+03
1.71075e+03
1.71785e+03
1.72218e+03
1.72016e+03
1.71776e+03
1.72372e+03
1.71678e+03
1.71907e+03
1.71798e+03
1.71282e+03
1.71791e+03
1.71803e+03
1.71579e+03
1.71830e+03
1.71794e+03
1.72745e+03
1.72045e+03
1.71598e+03
1.71854e+03
1.71241e+03
1.71518e+03
1.71553e+03
1.72438e+03
1.71518e+03
1.70856e+03
1.72298e+03
1.71161e+03
1.71502e+03
1.71396e+03
1.72183e+03
1.71917e+03
1.71639e+03
1.71207e+03
1.72117e+03
1.72324e+03
1.71799e+03
3.29946e+03
3.30431e+03
3.30889e+03
3.29931e+03
3.30671e+03
3.29504e+03
3.30316e+03
3.30547e+03
3.29915e+03
3.30631e+03
3.30238e+03
3.30062e+03
3.29862e+03
3.30609e+03
3.30171e+03
3.29889e+03
3.29876e+03
3.30468e+03
3.31153e+03
3.29687e+03
3.29587e+03
3.31001e+03
3.30708e+03
3.30193e+03
3.29553e+03
3.30120e+03
3.30077e+03
3.30347e+03
3.30097e+03
3.30235e+03
3.30573e+03
3.29736e+03
3.30284e+03
3.30975e+03
3.31163e+03
3.30003e+03
3.30250e+03
3.30341e+03
3.30303e+03
3.30683e+03
3.30271e+03
3.30293e+03
3.30472e+03
3.30080e+03
3.30362e+03
3.30295e+03
3.29689e+03
3.31076e+03
3.30469e+03
3.31179e+03
3.30206e+03
3.30123e+03
3.30654e+03
3.30155e+03
3.30458e+03
3.29990e+03
3.29908e+03
3.30583e+03
3.30369e+03
3.30726e+03
