8.38260e+00
1.74145e+01
3.09732e+01
2.80403e+01
1.82036e+01
1.76367e+01
2.63336e+01
2.19718e+01
2.74288e+01
3.19193e+01
3.23025e+01
2.84185e+01
2.02791e+01
8.31062e+00
2.02642e+01
3.76409e+01
1.92014e+01
2.13934e+01
2.31464e+01
3.45606e+01
1.86492e+01
2.94534e+01
2.87436e+01
2.40339e+01
1.99549e+01
1.81409e+01
2.69654e+01
1.23001e+01
2.04986e+01
1.69388e+01
2.35179e+01
1.72837e+01
2.36120e+01
3.16148e+01
2.41475e+01
2.96484e+01
3.12767e+01
2.30426e+01
2.04819e+01
3.67854e+01
3.86195e+01
2.52216e+01
1.14556e+01
3.31632e+01
1.56668e+01
2.57384e+01
1.94149e+01
1.28096e+01
2.43662e+01
3.39376e+01
3.02502e+01
2.81699e+01
1.35892e+01
3.14339e+01
3.22769e+01
2.33826e+01
1.85844e+01
2.88097e+01
2.66991e+01
2.98079e+01
2.32943e+01
2.33313e+01
1.95749e+01
1.94049e+01
1.88071e+01
1.87246e+01
2.17709e+01
1.56524e+01
1.67237e+01
2.15338e+01
2.03452e+01
1.40940e+01
2.50687e+01
1.98652e+01
1.84689e+01
1.50118e+01
2.03393e+01
1.39631e+01
1.93826e+01
1.81917e+01
1.57853e+01
1.68665e+01
1.46743e+01
1.67459e+01
1.76182e+01
2.01244e+01
2.20711e+01
1.72721e+01
2.60949e+01
2.15382e+01
1.91373e+01
1.58928e+01
2.42267e+01
2.19007e+01
2.22303e+01
1.27716e+01
2.13941e+01
1.79472e+01
2.22696e+01
1.74454e+01
1.84067e+01
1.25955e+01
1.78022e+01
2.35711e+01
2.57279e+01
2.60068e+01
2.26664e+01
1.41605e+01
1.58620e+01
1.65096e+01
1.55246e+01
2.36016e+01
1.73102e+01
1.74272e+01
1.25155e+01
1.93771e+01
1.91084e+01
1.73195e+01
1.97582e+01
1.62517e+01
2.07365e+01
2.51610e+01
2.16109e+01
2.41822e+01
2.44999e+01
2.32803e+01
2.53759e+01
2.43489e+01
2.03839e+01
2.63881e+01
1.79152e+01
2.05549e+01
2.15126e+01
2.24952e+01
2.37535e+01
2.84038e+01
2.23027e+01
2.48363e+01
2.19034e+01
1.99077e+01
2.40583e+01
2.34022e+01
2.51927e+01
1.98004e+01
2.07801e+01
2.32933e+01
1.65417e+01
2.19099e+01
2.21315e+01
2.06072e+01
2.20272e+01
2.32016e+01
2.65828e+01
2.48189e+01
2.07460e+01
2.23334e+01
2.70164e+01
2.51299e+01
1.99449e+01
1.79802e+01
2.78160e+01
2.31947e+01
2.48755e+01
2.80159e+01
2.11378e+01
2.06208e+01
2.25463e+01
2.48097e+01
2.35015e+01
2.04220e+01
2.44098e+01
2.66035e+01
1.98206e+01
2.20747e+01
2.12596e+01
2.39795e+01
2.31061e+01
1.97955e+01
1.92049e+01
2.11753e+01
2.59441e+01
2.55893e+01
2.37486e+01
2.47813e+01
2.53077e+01
2.88875e+01
2.51353e+01
2.80541e+01
2.60471e+01
2.33731e+01
2.53274e+01
2.46542e+01
2.15978e+01
2.76576e+01
2.69797e+01
2.56721e+01
2.98766e+01
2.85091e+01
2.46783e+01
2.61443e+01
2.71610e+01
2.68883e+01
2.25549e+01
2.64562e+01
2.52421e+01
2.54598e+01
2.52094e+01
2.80936e+01
2.29450e+01
2.28657e+01
2.36728e+01
2.79174e+01
2.60015e+01
2.74012e+01
2.49445e+01
2.68117e+01
2.77408e+01
2.82323e+01
2.70979e+01
2.50495e+01
2.19025e+01
2.39954e+01
2.37936e+01
2.56338e+01
2.39246e+01
2.33943e+01
2.36461e+01
2.88139e+01
2.55588e+01
2.46754e+01
3.13115e+01
2.38965e+01
2.39186e+01
2.53952e+01
2.51484e+01
2.84537e+01
3.09230e+01
2.53795e+01
2.53760e+01
2.48019e+01
2.32210e+01
2.34723e+01
2.39679e+01
2.11013e+01
2.21474e+01
2.27380e+01
2.41894e+01
2.40137e+01
2.26554e+01
2.43638e+01
2.25607e+01
2.08776e+01
2.49929e+01
2.11778e+01
2.45582e+01
2.21637e+01
2.31752e+01
2.38575e+01
2.16063e+01
2.32510e+01
2.31839e+01
2.24297e+01
2.21589e+01
2.32230e+01
1.95998e+01
2.18321e+01
2.32099e+01
2.00514e+01
2.27532e+01
2.03983e+01
1.95694e+01
2.27946e+01
2.00557e+01
2.33023e+01
2.36302e+01
2.35838e+01
2.06355e+01
2.31124e+01
2.19757e+01
2.35550e+01
2.10015e+01
2.10698e+01
1.95316e+01
2.29055e+01
2.36573e+01
1.97973e+01
2.35697e+01
1.96472e+01
2.14472e+01
2.50344e+01
2.17230e+01
2.51935e+01
2.38758e+01
2.26542e+01
2.32925e+01
1.91716e+01
2.23838e+01
2.20745e+01
2.38064e+01
2.13682e+01
