T (K)   eta (cP)    Uncertainty (cP)
293.138	3.522	0.017
293.138	3.522	0.017
293.138	3.50458	0.092
293.138	3.50458	0.092
293.138	3.451	0.091
293.138	3.451	0.091
293.145	3.453	0.0242
293.145	3.453	0.0242
293.15	3.45071	0.0551
293.15	3.45071	0.0551
293.15	3.45064	0.028
293.15	3.45064	0.028
293.15	3.425	0.04
293.15	3.425	0.04
293.15	3.4504	0.0425
293.15	3.4504	0.0425
293.15	3.47129	0.0305
293.15	3.47129	0.0305
293.15	3.491	0.035
293.15	3.491	0.035
293.15	3.44	0.02
293.15	3.44	0.02
293.15	3.44	0.03
293.15	3.44	0.03
293.15	3.44	0.02
293.15	3.44	0.02
293.15	3.45	0.02
293.15	3.45	0.02
293.15	3.44	0.02
293.15	3.44	0.02
293.2	3.507	0.039
293.2	3.507	0.039
298	3.093	0.0386
298	3.093	0.0386
298.074	3.078	0.125
298.074	3.078	0.125
298.136	3.05903	0.0289
298.136	3.05903	0.0289
298.144	3.06	0.028
298.144	3.06	0.028
298.144	3.0022	0.01
298.144	3.0022	0.01
298.144	3.0782	0.0235
298.144	3.0782	0.0235
298.144	3.0732	0.0234
298.144	3.0732	0.0234
298.15	3.06176	0.0485
298.15	3.06176	0.0485
298.15	3.04775	0.0778
298.15	3.04775	0.0778
298.15	3.005	0.068
298.15	3.005	0.068
298.15	3.0238	0.0226
298.15	3.0238	0.0226
298.15	3.093	0.0375
298.15	3.093	0.0375
298.15	3.06161	0.0377
298.15	3.06161	0.0377
298.15	3.081	0.0274
298.15	3.081	0.0274
298.15	3.03697	0.0955
298.15	3.03697	0.0955
298.15	3.05314	0.027
298.15	3.05314	0.027
298.15	3.039	0.137
298.15	3.039	0.137
298.15	3.094	0.031
298.15	3.094	0.031
298.15	3.041	0.023
298.15	3.041	0.023
298.15	3.041	0.026
298.15	3.041	0.026
298.15	3.041	0.019
298.15	3.041	0.019
298.15	3.085	0.066
298.15	3.085	0.066
298.184	3.065	0.035
298.184	3.065	0.035
303.134	2.782	0.014
303.134	2.782	0.014
303.134	2.754	0.073
303.134	2.754	0.073
303.15	2.778	0.028
303.15	2.778	0.028
303.15	2.706	0.02
303.15	2.706	0.02
303.15	2.706	0.024
303.15	2.706	0.024
303.15	2.706	0.017
303.15	2.706	0.017
303.15	2.72	0.02
303.15	2.72	0.02
303.15	2.72	0.02
303.15	2.72	0.02
303.15	2.72	0.02
303.15	2.72	0.02
303.15	2.756	0.059
303.15	2.756	0.059
303.15	2.74	0.02
303.15	2.74	0.02
303.15	2.72	0.02
303.15	2.72	0.02
303.153	2.7534	0.0339
303.153	2.7534	0.0339
303.2	2.78	0.031
303.2	2.78	0.031
308.142	2.4778	0.0305
308.142	2.4778	0.0305
308.15	2.381	0.055
308.15	2.381	0.055
308.15	2.4573	0.0305
308.15	2.4573	0.0305
308.15	2.409	0.018
308.15	2.409	0.018
308.15	2.409	0.022
308.15	2.409	0.022
308.15	2.409	0.015
308.15	2.409	0.015
308.15	2.478	0.053
308.15	2.478	0.053
310.909	2.32176	0.0381
310.909	2.32176	0.0381
310.941	2.331	0.0163
310.941	2.331	0.0163
313.13	2.22136	0.0585
313.13	2.22136	0.0585
313.13	2.232	0.059
313.13	2.232	0.059
313.14	2.23	0.099
313.14	2.23	0.099
313.15	2.22512	0.0273
313.15	2.22512	0.0273
313.15	2.22588	0.448
313.15	2.22588	0.448
313.15	2.21	0.02
313.15	2.21	0.02
313.15	2.21	0.02
313.15	2.21	0.02
313.15	2.239	0.048
313.15	2.239	0.048
313.15	2.22	0.01
313.15	2.22	0.01
313.15	2.21	0.02
313.15	2.21	0.02
313.2	2.264	0.025
313.2	2.264	0.025
313.22	2.219	0.026
313.22	2.219	0.026
318.128	1.995	0.011
318.128	1.995	0.011
318.15	2.034	0.043
318.15	2.034	0.043
318.249	2.017	0.023
318.249	2.017	0.023
323.077	1.845	0.075
323.077	1.845	0.075
323.127	1.852	0.049
323.127	1.852	0.049
323.15	1.82	0.01
323.15	1.82	0.01
323.15	1.82	0.02
323.15	1.82	0.02
323.15	1.83	0.01
323.15	1.83	0.01
323.15	1.857	0.04
323.15	1.857	0.04
323.15	1.84	0.01
323.15	1.84	0.01
323.15	1.83	0.01
323.15	1.83	0.01
323.2	1.879	0.021
323.2	1.879	0.021
333.124	1.567	0.009
333.124	1.567	0.009
333.124	1.54915	0.041
333.124	1.54915	0.041
333.124	1.56	0.04
333.124	1.56	0.04
333.134	1.559	0.0109
333.134	1.559	0.0109
333.134	1.56	0.07
333.134	1.56	0.07
333.15	1.53	0.01
333.15	1.53	0.01
333.15	1.53	0.02
333.15	1.54	0.02
333.15	1.53	0.02
333.15	1.54	0.02
333.15	1.54	0.01
333.15	1.54	0.01
333.15	1.55	0.01
333.15	1.55	0.01
333.15	1.54	0.01
333.15	1.54	0.01
333.2	1.59	0.018
333.2	1.59	0.018
333.244	1.549	0.018
333.244	1.549	0.018
335.934	1.5222	0.0431
335.934	1.5222	0.0431
338.343	1.432	0.017
338.343	1.432	0.017
343.124	1.338	0.035
343.124	1.338	0.035
343.15	1.31	0.01
343.15	1.31	0.01
343.15	1.31	0.02
343.15	1.31	0.02
343.15	1.31	0.01
343.15	1.31	0.01
343.15	1.32	0.01
343.15	1.32	0.01
343.15	1.31	0.01
343.15	1.31	0.01
343.2	1.366	0.015
343.2	1.366	0.015
348.091	1.242	0.051
348.091	1.242	0.051
348.123	1.248	0.006
348.123	1.248	0.006
353.123	1.15131	0.03
353.123	1.15131	0.03
353.123	1.161	0.031
353.123	1.161	0.031
353.129	1.16	0.051
353.129	1.16	0.051
353.15	1.13	0.01
353.15	1.13	0.01
353.15	1.13	0.01
353.15	1.13	0.01
353.15	1.14	0.01
353.15	1.14	0.01
353.15	1.14	0.01
353.15	1.14	0.01
353.15	1.14	0.01
353.15	1.14	0.01
353.269	1.151	0.013
353.269	1.151	0.013
358.258	1.076	0.013
358.258	1.076	0.013
363.123	1.017	0.006
363.123	1.017	0.006
363.123	1.014	0.027
363.123	1.014	0.027
363.15	0.99	0.009
363.15	0.99	0.009
363.15	0.99	0.01
363.15	0.99	0.01
363.15	0.994	0.012
363.15	0.994	0.012
363.15	1	0.01
363.15	1	0.01
363.15	0.994	0.011
363.15	0.994	0.011
364.826	1.0041	0.0286
364.826	1.0041	0.0286
372.025	0.9054	0.0634
372.025	0.9054	0.0634
373.074	0.896	0.04
373.074	0.896	0.04
373.124	0.892	0.024
373.124	0.892	0.024
373.15	0.876	0.009
373.15	0.876	0.009
373.15	0.87	0.01
373.15	0.87	0.01
373.15	0.878	0.012
373.15	0.878	0.012
373.15	0.887	0.007
373.15	0.887	0.007
373.15	0.878	0.011
373.15	0.878	0.011
373.214	0.895	0.036
373.214	0.895	0.036
373.224	0.8906	0.0104
373.224	0.8906	0.0104
378.223	0.8484	0.0099
378.223	0.8484	0.0099
392.92	0.7169	0.0204
392.92	0.7169	0.0204
393.127	0.716	0.019
393.127	0.716	0.019
393.22	0.7159	0.0084
393.22	0.7159	0.0084
413.132	0.584	0.016
413.132	0.584	0.016
422.023	0.576805	0.0102
422.023	0.576805	0.0102
424.414	0.5147	0.0147
424.414	0.5147	0.0147
433.138	0.486	0.013
433.138	0.486	0.013
453.145	0.409	0.011
453.145	0.409	0.011
453.911	0.4028	0.0115
453.911	0.4028	0.0115
473.153	0.349	0.009
473.153	0.349	0.009
493.161	0.299	0.008
493.161	0.299	0.008
513.168	0.259	0.007
513.168	0.259	0.007
531.91	0.2404	0.0069
531.91	0.2404	0.0069
560	0.2101	0.172
570	0.1945	0.16
580	0.1806	0.149
590	0.1681	0.139
600	0.1569	0.131
610	0.1467	0.124
620	0.1375	0.118
630	0.1291	0.112
640	0.1215	0.107
650	0.1145	0.103
660	0.1081	0.0995
670	0.1023	0.0962
680	0.09693	0.0934
690	0.09199	0.091
700	0.08743	0.0888
710	0.08322	0.0869
720	0.07931	0.0853
