4.10304e+00
4.10432e+00
4.10399e+00
4.10490e+00
4.10211e+00
4.10513e+00
4.10195e+00
4.10496e+00
4.10301e+00
4.10627e+00
4.10601e+00
4.10601e+00
4.10365e+00
4.10663e+00
4.10579e+00
4.10543e+00
4.10256e+00
4.10254e+00
4.10350e+00
4.10247e+00
4.10428e+00
4.10300e+00
4.10484e+00
4.10077e+00
4.10207e+00
4.10341e+00
4.10436e+00
4.10535e+00
4.10281e+00
4.10606e+00
4.10516e+00
4.10244e+00
4.10051e+00
4.10285e+00
4.10287e+00
4.10223e+00
4.10410e+00
4.10366e+00
4.10209e+00
4.10338e+00
4.10121e+00
4.10419e+00
4.10441e+00
4.10437e+00
4.10480e+00
4.10248e+00
4.10530e+00
4.10416e+00
4.10257e+00
4.10518e+00
4.10251e+00
4.10263e+00
4.10520e+00
4.10673e+00
4.10385e+00
4.10230e+00
4.10413e+00
4.10243e+00
4.10415e+00
4.10413e+00
3.95103e+00
3.94984e+00
3.94952e+00
3.95026e+00
3.94968e+00
3.94978e+00
3.95050e+00
3.95063e+00
3.94891e+00
3.94980e+00
3.95016e+00
3.95090e+00
3.95003e+00
3.94951e+00
3.95094e+00
3.95048e+00
3.95015e+00
3.95026e+00
3.95051e+00
3.95033e+00
3.95006e+00
3.94955e+00
3.95143e+00
3.94968e+00
3.94907e+00
3.94946e+00
3.94925e+00
3.95049e+00
3.94984e+00
3.95068e+00
3.94928e+00
3.95023e+00
3.94959e+00
3.94979e+00
3.94957e+00
3.94993e+00
3.95001e+00
3.94977e+00
3.95000e+00
3.94906e+00
3.94936e+00
3.95060e+00
3.94898e+00
3.94916e+00
3.94991e+00
3.95038e+00
3.95014e+00
3.95049e+00
3.94953e+00
3.95089e+00
3.94905e+00
3.94991e+00
3.94949e+00
3.95010e+00
3.95045e+00
3.94912e+00
3.95004e+00
3.94966e+00
3.95039e+00
3.94969e+00
3.71674e+00
3.71656e+00
3.71643e+00
3.71645e+00
3.71638e+00
3.71624e+00
3.71616e+00
3.71626e+00
3.71640e+00
3.71665e+00
3.71648e+00
3.71656e+00
3.71665e+00
3.71668e+00
3.71686e+00
3.71629e+00
3.71667e+00
3.71673e+00
3.71651e+00
3.71651e+00
3.71646e+00
3.71645e+00
3.71654e+00
3.71674e+00
3.71640e+00
3.71655e+00
3.71660e+00
3.71637e+00
3.71658e+00
3.71634e+00
3.71624e+00
3.71651e+00
3.71640e+00
3.71637e+00
3.71624e+00
3.71616e+00
3.71615e+00
3.71644e+00
3.71665e+00
3.71678e+00
3.71663e+00
3.71602e+00
3.71701e+00
3.71611e+00
3.71658e+00
3.71642e+00
3.71617e+00
3.71607e+00
3.71652e+00
3.71644e+00
3.71622e+00
3.71689e+00
3.71661e+00
3.71666e+00
3.71655e+00
3.71658e+00
3.71659e+00
3.71657e+00
3.71647e+00
3.71669e+00
3.65999e+00
3.66002e+00
3.66016e+00
3.66023e+00
3.66032e+00
3.65996e+00
3.66014e+00
3.66013e+00
3.65991e+00
3.66044e+00
3.66050e+00
3.66014e+00
3.66028e+00
3.65986e+00
3.66028e+00
3.66028e+00
3.66000e+00
3.65989e+00
3.66006e+00
3.66023e+00
3.66010e+00
3.66024e+00
3.66001e+00
3.66050e+00
3.66000e+00
3.66026e+00
3.66021e+00
3.66011e+00
3.66025e+00
3.66006e+00
3.66018e+00
3.66022e+00
3.66014e+00
3.66015e+00
3.66007e+00
3.66010e+00
3.65998e+00
3.65973e+00
3.66027e+00
3.66016e+00
3.65995e+00
3.66024e+00
3.66002e+00
3.66018e+00
3.66019e+00
3.66017e+00
3.65997e+00
3.66026e+00
3.66000e+00
3.66010e+00
3.66024e+00
3.66029e+00
3.66022e+00
3.66019e+00
3.66019e+00
3.66030e+00
3.66019e+00
3.66005e+00
3.66014e+00
3.66014e+00
