9.55410e+00
-2.18707e+00
-2.88103e+00
-2.13253e+00
8.39133e-01
-4.09599e+00
1.06258e+01
-1.89943e+00
4.33725e+00
-4.31515e+00
-7.08467e+00
-7.28254e+00
-4.66191e+00
-5.34018e+00
-2.44908e+00
-4.18923e+00
7.04766e+00
3.54435e+00
-2.27812e+00
5.90948e+00
-1.90385e+00
2.23361e+00
1.44009e+00
3.08173e+00
2.42942e+00
9.05138e-01
1.44214e-01
-9.37483e+00
-4.11130e-01
-8.35685e+00
-2.57946e+00
-7.32169e-01
1.05303e+01
-1.29062e+00
5.58315e-01
2.14436e+00
2.63462e+00
3.08937e+00
5.83180e+00
-3.09875e+00
6.80707e+00
-4.28356e+00
-1.56271e+00
3.77887e-01
-2.75999e+00
-1.00339e+00
-7.71188e+00
-1.97703e+00
1.07722e+00
-3.45176e+00
6.92546e+00
4.60769e+00
-1.02510e+00
-8.88964e+00
-5.27647e-01
3.52212e+00
-5.72305e+00
1.56906e-01
-3.87193e+00
1.71821e+00
6.87852e+02
6.97294e+02
7.07239e+02
6.93027e+02
7.00128e+02
6.99140e+02
6.99533e+02
6.96685e+02
7.07736e+02
6.94075e+02
6.96910e+02
6.92796e+02
6.93419e+02
7.01920e+02
6.88415e+02
6.99110e+02
6.90126e+02
7.04432e+02
6.91742e+02
6.94329e+02
6.96938e+02
7.01521e+02
7.00242e+02
7.02401e+02
7.05262e+02
6.99756e+02
7.00791e+02
6.91205e+02
6.99867e+02
6.81403e+02
7.13520e+02
6.91201e+02
7.03358e+02
7.02613e+02
6.96547e+02
7.04135e+02
7.04610e+02
6.94543e+02
7.07040e+02
7.09792e+02
7.07202e+02
6.90170e+02
7.16159e+02
7.07133e+02
7.03288e+02
6.92396e+02
6.96670e+02
6.99466e+02
6.89569e+02
6.91862e+02
7.06215e+02
7.00243e+02
6.91529e+02
6.96937e+02
6.95759e+02
7.08207e+02
6.98583e+02
7.00057e+02
6.92453e+02
6.95465e+02
4.99500e+03
4.99710e+03
5.00827e+03
5.00070e+03
5.01239e+03
5.01088e+03
5.01868e+03
5.01366e+03
5.00399e+03
4.99793e+03
4.99728e+03
5.01044e+03
4.98825e+03
4.99730e+03
4.99029e+03
5.02031e+03
4.99344e+03
4.99764e+03
4.99885e+03
5.00757e+03
5.00035e+03
5.00069e+03
4.99619e+03
4.98825e+03
5.00731e+03
5.01406e+03
5.02304e+03
4.99723e+03
4.99007e+03
4.99830e+03
5.01865e+03
5.00780e+03
4.98878e+03
5.00928e+03
5.00972e+03
5.01707e+03
5.02202e+03
5.00404e+03
4.98459e+03
5.00470e+03
5.00483e+03
5.02419e+03
4.98784e+03
5.02250e+03
4.99734e+03
5.00097e+03
5.02572e+03
5.01280e+03
4.99832e+03
5.00869e+03
5.00869e+03
4.98475e+03
4.97381e+03
4.98683e+03
4.98226e+03
4.99485e+03
4.99165e+03
4.99516e+03
4.99837e+03
4.99569e+03
7.49680e+03
7.52613e+03
7.48454e+03
7.50805e+03
7.49011e+03
7.50003e+03
7.50380e+03
7.51278e+03
7.52178e+03
7.47536e+03
7.48101e+03
7.50339e+03
7.48503e+03
7.51643e+03
7.50312e+03
7.51140e+03
7.51050e+03
7.52669e+03
7.49261e+03
7.49373e+03
7.51790e+03
7.49749e+03
7.50857e+03
7.47523e+03
7.51837e+03
7.48384e+03
7.50827e+03
7.50850e+03
7.48775e+03
7.51166e+03
7.51302e+03
7.50878e+03
7.50401e+03
7.48805e+03
7.50668e+03
7.51853e+03
7.49768e+03
7.53300e+03
7.49321e+03
7.49969e+03
7.50436e+03
7.49063e+03
7.49890e+03
7.49690e+03
7.50167e+03
7.48758e+03
7.51903e+03
7.48861e+03
7.50694e+03
7.52344e+03
7.47788e+03
7.50359e+03
7.49688e+03
7.50184e+03
7.49921e+03
7.48410e+03
7.50240e+03
7.50677e+03
7.49711e+03
7.50507e+03
1.00087e+04
1.00254e+04
1.00226e+04
1.00201e+04
1.00062e+04
1.00171e+04
1.00168e+04
1.00230e+04
1.00162e+04
1.00044e+04
9.97262e+03
9.98990e+03
1.00094e+04
9.99660e+03
1.00184e+04
1.00100e+04
1.00085e+04
1.00090e+04
1.00019e+04
1.00404e+04
1.00199e+04
1.00119e+04
1.00149e+04
1.00068e+04
1.00274e+04
1.00153e+04
1.00192e+04
9.99798e+03
1.00286e+04
1.00357e+04
9.99786e+03
1.00173e+04
1.00381e+04
9.99990e+03
1.00152e+04
1.00066e+04
1.00142e+04
9.99962e+03
1.00082e+04
1.00139e+04
9.99885e+03
1.00088e+04
1.00192e+04
1.00118e+04
1.00285e+04
1.00058e+04
1.00115e+04
9.99894e+03
9.99865e+03
9.99956e+03
1.00028e+04
1.00168e+04
1.00030e+04
1.00038e+04
9.99452e+03
1.00090e+04
9.97788e+03
1.00135e+04
1.00169e+04
1.00099e+04
