-3.14263e+01
-3.62948e+01
-3.33878e+01
-3.09576e+01
-3.03567e+01
-3.46811e+01
-3.21367e+01
-3.44637e+01
-3.02309e+01
-3.09118e+01
-3.35339e+01
-3.02943e+01
-3.06986e+01
-3.06294e+01
-3.33634e+01
-3.00320e+01
-3.90185e+01
-3.60071e+01
-2.93162e+01
-3.00164e+01
-2.93792e+01
-3.61804e+01
-3.43889e+01
-3.69427e+01
-2.91549e+01
-2.74589e+01
-2.67194e+01
-3.11097e+01
-3.29346e+01
-2.88454e+01
-3.03958e+01
-3.11201e+01
-3.31641e+01
-3.45830e+01
-3.15910e+01
-3.14352e+01
-3.18580e+01
-3.70197e+01
-3.51096e+01
-2.99265e+01
-2.58329e+01
-2.67828e+01
-2.39855e+01
-3.17169e+01
-3.17402e+01
-3.59444e+01
-2.36137e+01
-3.14633e+01
-3.23721e+01
-2.88050e+01
-3.02342e+01
-2.85146e+01
-3.66401e+01
-3.58623e+01
-3.18962e+01
-2.88988e+01
-2.88832e+01
-2.68069e+01
-3.22766e+01
-3.22415e+01
-2.90444e+01
-2.59420e+01
-3.32106e+01
-3.41108e+01
-2.72562e+01
-3.35165e+01
-2.85096e+01
-3.11718e+01
-3.26837e+01
-2.94732e+01
-3.06888e+01
-2.85202e+01
-3.48680e+01
-2.72625e+01
-3.01276e+01
-3.12619e+01
-2.80506e+01
-2.81153e+01
-3.33172e+01
-2.92924e+01
-3.35679e+01
-2.78224e+01
-3.09156e+01
-2.99522e+01
-3.23877e+01
-3.23612e+01
-3.30960e+01
-2.80554e+01
-3.06707e+01
-2.86830e+01
-3.39770e+01
-3.11803e+01
-3.00543e+01
-3.32980e+01
-2.64442e+01
-2.79053e+01
-2.76886e+01
-2.86638e+01
-2.94213e+01
-2.64258e+01
-3.23230e+01
-2.83101e+01
-3.33677e+01
-3.19533e+01
-2.90775e+01
-3.15357e+01
-3.27114e+01
-2.35512e+01
-3.04890e+01
-3.10502e+01
-2.82198e+01
-3.15315e+01
-2.60063e+01
-2.73135e+01
-3.15732e+01
-2.97509e+01
-3.43480e+01
-2.79356e+01
-2.97626e+01
-3.11559e+01
-1.83307e+01
-1.53280e+01
-1.74057e+01
-2.07247e+01
-2.01457e+01
-1.56794e+01
-1.88218e+01
-1.79034e+01
-2.02943e+01
-1.39892e+01
-2.39414e+01
-2.05659e+01
-1.85237e+01
-1.73486e+01
-2.15011e+01
-1.89428e+01
-2.05233e+01
-1.76681e+01
-2.33576e+01
-1.98192e+01
-2.35164e+01
-1.88360e+01
-2.07570e+01
-1.78638e+01
-1.82962e+01
-1.72636e+01
-2.29609e+01
-1.34868e+01
-1.77377e+01
-2.25896e+01
-2.10303e+01
-1.42101e+01
-1.71064e+01
-2.09024e+01
-2.24602e+01
-2.10434e+01
-1.94237e+01
-2.08044e+01
-2.07118e+01
-1.76584e+01
-2.02866e+01
-1.87904e+01
-2.09424e+01
-1.54266e+01
-1.76505e+01
-1.62754e+01
-2.01678e+01
-1.87279e+01
-1.98214e+01
-2.12670e+01
-1.94573e+01
-1.86631e+01
-2.18089e+01
-1.54971e+01
-1.69478e+01
-1.76736e+01
-1.59198e+01
-1.84693e+01
-2.00390e+01
-1.63153e+01
-7.94961e+00
-7.13244e+00
-9.20841e+00
-8.04919e+00
-8.03988e+00
-8.57504e+00
-3.97816e+00
-9.69307e+00
-6.30315e+00
-9.25251e+00
-9.35442e+00
-5.89570e+00
-8.77615e+00
-4.66281e+00
-4.19540e+00
-7.32974e+00
-6.62718e+00
-1.17530e+01
-6.90534e+00
-7.21926e+00
-8.56499e+00
-5.84877e+00
-7.04570e+00
-4.71174e+00
-7.63087e+00
-8.86535e+00
-5.25802e+00
-6.09003e+00
-6.52894e+00
-8.61419e+00
-6.38498e+00
-6.20572e+00
-8.00071e+00
-5.74960e+00
-8.60583e+00
-8.49972e+00
-5.35168e+00
-5.25588e+00
-8.85962e+00
-6.47234e+00
-5.57158e+00
-6.86055e+00
-8.42297e+00
-8.30461e+00
-5.91830e+00
-6.20703e+00
-1.05020e+01
-6.36548e+00
-7.99442e+00
-7.17632e+00
-5.54535e+00
-3.83600e+00
-5.60596e+00
-8.62840e+00
-5.78430e+00
-1.02399e+01
-1.08272e+01
-1.04401e+01
-5.68969e+00
-5.74488e+00
3.01843e+00
8.63524e-03
1.73091e+00
1.44403e+00
3.24217e+00
2.99814e+00
-1.76121e+00
3.49221e+00
5.40446e-01
4.58506e+00
2.28380e+00
2.57229e+00
1.36406e+00
5.09465e-01
-2.99752e-02
7.96787e-01
6.92500e+00
2.33841e+00
1.51980e+00
1.46595e-01
3.42404e+00
2.16596e+00
3.03600e+00
-6.21274e-01
2.35116e+00
9.53103e-01
2.72599e+00
3.07439e+00
3.39737e+00
2.11260e+00
2.84161e+00
2.29795e-01
3.94881e-01
-3.77652e-01
2.24507e+00
2.07241e+00
3.64156e+00
1.32147e+00
2.43747e+00
1.74401e-01
2.32279e+00
2.04025e+00
-4.36431e-01
2.45000e+00
2.87014e+00
1.39396e+00
1.76475e+00
1.64209e+00
2.74193e+00
2.37520e-01
2.28487e+00
1.98896e+00
-7.95158e-01
3.98025e+00
-9.00065e-01
-1.03798e+00
-9.27908e-02
7.27756e-01
2.11236e+00
1.10562e+00
