3.61969e+00
3.61993e+00
3.61971e+00
3.61972e+00
3.61994e+00
3.61983e+00
3.61972e+00
3.61956e+00
3.61965e+00
3.61975e+00
3.62009e+00
3.61993e+00
3.61975e+00
3.62000e+00
3.61983e+00
3.61970e+00
3.61963e+00
3.61969e+00
3.61967e+00
3.61959e+00
3.61972e+00
3.61982e+00
3.61978e+00
3.62004e+00
3.61980e+00
3.61965e+00
3.61961e+00
3.61983e+00
3.61960e+00
3.61972e+00
3.61973e+00
3.61991e+00
3.61964e+00
3.61984e+00
3.61994e+00
3.62000e+00
3.61965e+00
3.61976e+00
3.61993e+00
3.61961e+00
3.61970e+00
3.61966e+00
3.61965e+00
3.61991e+00
3.61964e+00
3.61973e+00
3.61995e+00
3.61991e+00
3.61976e+00
3.61991e+00
3.61988e+00
3.61981e+00
3.61957e+00
3.61996e+00
3.62010e+00
3.61960e+00
3.62010e+00
3.61979e+00
3.61964e+00
3.61998e+00
