1.00087e+04
1.00254e+04
1.00226e+04
1.00201e+04
1.00062e+04
1.00171e+04
1.00168e+04
1.00230e+04
1.00162e+04
1.00044e+04
9.97262e+03
9.98990e+03
1.00094e+04
9.99660e+03
1.00184e+04
1.00100e+04
1.00085e+04
1.00090e+04
1.00019e+04
1.00404e+04
1.00199e+04
1.00119e+04
1.00149e+04
1.00068e+04
1.00274e+04
1.00153e+04
1.00192e+04
9.99798e+03
1.00286e+04
1.00357e+04
9.99786e+03
1.00173e+04
1.00381e+04
9.99990e+03
1.00152e+04
1.00066e+04
1.00142e+04
9.99962e+03
1.00082e+04
1.00139e+04
9.99885e+03
1.00088e+04
1.00192e+04
1.00118e+04
1.00285e+04
1.00058e+04
1.00115e+04
9.99894e+03
9.99865e+03
9.99956e+03
1.00028e+04
1.00168e+04
1.00030e+04
1.00038e+04
9.99452e+03
1.00090e+04
9.97788e+03
1.00135e+04
1.00169e+04
1.00099e+04
