4.78769e+00
4.78747e+00
4.78715e+00
4.78718e+00
4.78727e+00
4.78763e+00
4.78685e+00
4.78799e+00
4.78754e+00
4.78798e+00
4.78816e+00
4.78669e+00
4.78658e+00
4.78669e+00
4.78760e+00
4.78763e+00
4.78859e+00
4.78582e+00
4.78801e+00
4.78760e+00
4.78709e+00
4.78575e+00
4.78594e+00
4.78655e+00
4.78795e+00
4.78733e+00
4.78604e+00
4.78714e+00
4.78729e+00
4.78594e+00
4.78641e+00
4.78582e+00
4.78772e+00
4.78614e+00
4.78716e+00
4.78764e+00
4.78733e+00
4.78631e+00
4.78649e+00
4.78577e+00
4.78760e+00
4.78863e+00
4.78739e+00
4.78717e+00
4.78683e+00
4.78760e+00
4.78715e+00
4.78800e+00
4.78835e+00
4.78684e+00
4.78855e+00
4.78752e+00
4.78741e+00
4.78864e+00
4.78649e+00
4.78761e+00
4.78691e+00
4.78680e+00
4.78673e+00
4.78725e+00
4.58099e+00
4.58140e+00
4.58197e+00
4.58166e+00
4.58209e+00
4.58127e+00
4.58139e+00
4.58155e+00
4.58150e+00
4.58122e+00
4.58115e+00
4.58176e+00
4.58197e+00
4.58188e+00
4.58174e+00
4.58138e+00
4.58150e+00
4.58234e+00
4.58209e+00
4.58197e+00
4.58189e+00
4.58163e+00
4.58137e+00
4.58178e+00
4.58122e+00
4.58089e+00
4.58138e+00
4.58195e+00
4.58143e+00
4.58141e+00
4.58187e+00
4.58138e+00
4.58123e+00
4.58102e+00
4.58144e+00
4.58154e+00
4.58090e+00
4.58211e+00
4.58162e+00
4.58160e+00
4.58173e+00
4.58119e+00
4.58136e+00
4.58135e+00
4.58158e+00
4.58138e+00
4.58197e+00
4.58192e+00
4.58185e+00
4.58134e+00
4.58128e+00
4.58143e+00
4.58161e+00
4.58108e+00
4.58169e+00
4.58141e+00
4.58183e+00
4.58131e+00
4.58150e+00
4.58113e+00
4.47175e+00
4.47150e+00
4.47149e+00
4.47154e+00
4.47112e+00
4.47137e+00
4.47185e+00
4.47150e+00
4.47186e+00
4.47162e+00
4.47167e+00
4.47203e+00
4.47153e+00
4.47158e+00
4.47170e+00
4.47123e+00
4.47151e+00
4.47179e+00
4.47175e+00
4.47122e+00
4.47150e+00
4.47082e+00
4.47175e+00
4.47214e+00
4.47160e+00
4.47133e+00
4.47137e+00
4.47173e+00
4.47104e+00
4.47174e+00
4.47149e+00
4.47132e+00
4.47144e+00
4.47139e+00
4.47171e+00
4.47155e+00
4.47200e+00
4.47162e+00
4.47140e+00
4.47134e+00
4.47083e+00
4.47159e+00
4.47139e+00
4.47128e+00
4.47138e+00
4.47133e+00
4.47175e+00
4.47093e+00
4.47145e+00
4.47104e+00
4.47138e+00
4.47194e+00
4.47155e+00
4.47226e+00
4.47182e+00
4.47135e+00
4.47167e+00
4.47229e+00
4.47107e+00
4.47150e+00
4.41443e+00
4.41388e+00
4.41425e+00
4.41425e+00
4.41458e+00
4.41529e+00
4.41387e+00
4.41423e+00
4.41492e+00
4.41452e+00
4.41443e+00
4.41493e+00
4.41442e+00
4.41354e+00
4.41452e+00
4.41453e+00
4.41520e+00
4.41392e+00
4.41397e+00
4.41472e+00
4.41470e+00
4.41493e+00
4.41360e+00
4.41556e+00
4.41514e+00
4.41441e+00
4.41469e+00
4.41509e+00
4.41461e+00
4.41357e+00
4.41457e+00
4.41425e+00
4.41505e+00
4.41478e+00
4.41354e+00
4.41427e+00
4.41416e+00
4.41531e+00
4.41524e+00
4.41462e+00
4.41387e+00
4.41578e+00
4.41467e+00
4.41459e+00
4.41475e+00
4.41486e+00
4.41502e+00
4.41446e+00
4.41489e+00
4.41437e+00
4.41531e+00
4.41435e+00
4.41460e+00
4.41464e+00
4.41409e+00
4.41487e+00
4.41398e+00
4.41455e+00
4.41545e+00
4.41452e+00
4.41443e+00
