-2.26553e+01
-1.71332e+01
-1.75993e+01
-2.21411e+01
-2.37905e+01
-1.49553e+01
-1.45579e+01
-2.76847e+01
-2.16237e+01
-2.59192e+01
-2.62675e+01
-1.12524e+01
-1.60956e+01
-1.22240e+01
-2.37234e+01
-2.59811e+01
-2.29866e+01
-1.54246e+01
-2.06170e+01
-1.95122e+01
-2.00072e+01
-1.36303e+01
-1.82118e+01
-1.38974e+01
-1.75525e+01
-1.96799e+01
-1.49868e+01
-1.41534e+01
-2.22380e+01
-1.42753e+01
-1.76782e+01
-6.23750e+00
-2.11614e+01
-1.01837e+01
-2.36635e+01
-1.32811e+01
-2.11424e+01
-8.34189e+00
-1.11576e+01
-1.58462e+01
-2.42090e+01
-3.31275e+01
-1.68776e+01
-2.18962e+01
-1.83552e+01
-2.12738e+01
-1.99196e+01
-2.36632e+01
-2.05105e+01
-1.63978e+01
-1.99073e+01
-1.67024e+01
-1.63803e+01
-2.89085e+01
-2.07810e+01
-2.03708e+01
-1.69816e+01
-1.69956e+01
-1.91686e+01
-1.89393e+01
2.08567e+03
2.07082e+03
2.06830e+03
2.05600e+03
2.06542e+03
2.08010e+03
2.08600e+03
2.07061e+03
2.06610e+03
2.08076e+03
2.08748e+03
2.06211e+03
2.06821e+03
2.05176e+03
2.07791e+03
2.07077e+03
2.07471e+03
2.05547e+03
2.05463e+03
2.06675e+03
2.06605e+03
2.06460e+03
2.07355e+03
2.06267e+03
2.07127e+03
2.07640e+03
2.07025e+03
2.06568e+03
2.07236e+03
2.07655e+03
2.06947e+03
2.07523e+03
2.07973e+03
2.08540e+03
2.07773e+03
2.07215e+03
2.08514e+03
2.05459e+03
2.06781e+03
2.06378e+03
2.06197e+03
2.07048e+03
2.08027e+03
2.07111e+03
2.06858e+03
2.07428e+03
2.05980e+03
2.06285e+03
2.06255e+03
2.06753e+03
2.08211e+03
2.07201e+03
2.06677e+03
2.07913e+03
2.06830e+03
2.07852e+03
2.06734e+03
2.06958e+03
2.07171e+03
2.07589e+03
4.98182e+03
5.00500e+03
5.01450e+03
4.98482e+03
5.02168e+03
5.00616e+03
4.98479e+03
5.00332e+03
4.98934e+03
5.00687e+03
4.98984e+03
4.98287e+03
5.00503e+03
4.99708e+03
4.99610e+03
4.99627e+03
5.00415e+03
4.97946e+03
5.00633e+03
5.02260e+03
5.00147e+03
5.01649e+03
4.97526e+03
4.98859e+03
4.99170e+03
4.99981e+03
5.01016e+03
5.00156e+03
5.00938e+03
4.98383e+03
5.00545e+03
5.01077e+03
4.99952e+03
5.00780e+03
5.00193e+03
5.00061e+03
4.97676e+03
4.98940e+03
5.00503e+03
5.01658e+03
5.02425e+03
4.99554e+03
5.00763e+03
5.00160e+03
4.99299e+03
5.01988e+03
4.98526e+03
5.02493e+03
5.00642e+03
5.01790e+03
5.00605e+03
4.98789e+03
4.99610e+03
4.95443e+03
4.98242e+03
5.02010e+03
4.99089e+03
4.97233e+03
5.01487e+03
4.99251e+03
7.54932e+03
7.52570e+03
7.52681e+03
7.52579e+03
7.45462e+03
7.53825e+03
7.51942e+03
7.47791e+03
7.51322e+03
7.51762e+03
7.47340e+03
7.50148e+03
7.55160e+03
7.50643e+03
7.51479e+03
7.45370e+03
7.53992e+03
7.53770e+03
7.48807e+03
7.49882e+03
7.49764e+03
7.56906e+03
7.44655e+03
7.48484e+03
7.51729e+03
7.49541e+03
7.46561e+03
7.49282e+03
7.56431e+03
7.51466e+03
7.52674e+03
7.48538e+03
7.48917e+03
7.56290e+03
7.51099e+03
7.52791e+03
7.46614e+03
7.47490e+03
7.50292e+03
7.53637e+03
7.42653e+03
7.50120e+03
7.50913e+03
7.48944e+03
7.50840e+03
7.48524e+03
7.51065e+03
7.48413e+03
7.51477e+03
7.46331e+03
7.51833e+03
7.49495e+03
7.50035e+03
7.53214e+03
7.47575e+03
7.55666e+03
7.51855e+03
7.44452e+03
7.50669e+03
7.51038e+03
