4.25454e+00
4.25400e+00
4.25444e+00
4.25335e+00
4.25423e+00
4.25356e+00
4.25515e+00
4.25355e+00
4.25539e+00
4.25218e+00
4.25543e+00
4.25456e+00
4.25285e+00
4.25467e+00
4.25458e+00
4.25313e+00
4.25379e+00
4.25517e+00
4.25447e+00
4.25483e+00
4.25509e+00
4.25445e+00
4.25134e+00
4.25534e+00
4.25499e+00
4.25487e+00
4.25469e+00
4.25481e+00
4.25425e+00
4.25439e+00
4.25608e+00
4.25460e+00
4.25328e+00
4.25519e+00
4.25310e+00
4.25646e+00
4.25349e+00
4.25326e+00
4.25431e+00
4.25436e+00
4.25335e+00
4.25487e+00
4.25415e+00
4.25567e+00
4.25569e+00
4.25531e+00
4.25496e+00
4.25460e+00
4.25589e+00
4.25507e+00
4.25554e+00
4.25350e+00
4.25524e+00
4.25442e+00
4.25355e+00
4.25455e+00
4.25315e+00
4.25331e+00
4.25504e+00
4.25452e+00
3.96672e+00
3.96668e+00
3.96694e+00
3.96670e+00
3.96669e+00
3.96660e+00
3.96649e+00
3.96672e+00
3.96642e+00
3.96674e+00
3.96654e+00
3.96670e+00
3.96630e+00
3.96654e+00
3.96672e+00
3.96690e+00
3.96674e+00
3.96665e+00
3.96656e+00
3.96623e+00
3.96671e+00
3.96661e+00
3.96685e+00
3.96657e+00
3.96661e+00
3.96700e+00
3.96685e+00
3.96647e+00
3.96668e+00
3.96661e+00
3.96652e+00
3.96634e+00
3.96629e+00
3.96625e+00
3.96700e+00
3.96641e+00
3.96653e+00
3.96694e+00
3.96633e+00
3.96645e+00
3.96669e+00
3.96637e+00
3.96648e+00
3.96630e+00
3.96661e+00
3.96645e+00
3.96667e+00
3.96650e+00
3.96680e+00
3.96675e+00
3.96669e+00
3.96643e+00
3.96674e+00
3.96636e+00
3.96695e+00
3.96693e+00
3.96656e+00
3.96650e+00
3.96701e+00
3.96662e+00
3.86797e+00
3.86800e+00
3.86800e+00
3.86808e+00
3.86814e+00
3.86823e+00
3.86820e+00
3.86804e+00
3.86813e+00
3.86811e+00
3.86815e+00
3.86823e+00
3.86830e+00
3.86812e+00
3.86794e+00
3.86785e+00
3.86814e+00
3.86792e+00
3.86818e+00
3.86792e+00
3.86815e+00
3.86833e+00
3.86807e+00
3.86823e+00
3.86797e+00
3.86823e+00
3.86824e+00
3.86822e+00
3.86804e+00
3.86812e+00
3.86793e+00
3.86813e+00
3.86840e+00
3.86814e+00
3.86817e+00
3.86802e+00
3.86815e+00
3.86826e+00
3.86814e+00
3.86798e+00
3.86792e+00
3.86808e+00
3.86809e+00
3.86808e+00
3.86825e+00
3.86834e+00
3.86819e+00
3.86834e+00
3.86814e+00
3.86804e+00
3.86835e+00
3.86821e+00
3.86796e+00
3.86785e+00
3.86810e+00
3.86829e+00
3.86832e+00
3.86798e+00
3.86824e+00
3.86799e+00
3.80638e+00
3.80627e+00
3.80630e+00
3.80622e+00
3.80636e+00
3.80617e+00
3.80610e+00
3.80616e+00
3.80614e+00
3.80629e+00
3.80602e+00
3.80597e+00
3.80609e+00
3.80611e+00
3.80634e+00
3.80607e+00
3.80622e+00
3.80624e+00
3.80604e+00
3.80613e+00
3.80617e+00
3.80612e+00
3.80625e+00
3.80621e+00
3.80635e+00
3.80611e+00
3.80615e+00
3.80645e+00
3.80621e+00
3.80587e+00
3.80601e+00
3.80638e+00
3.80629e+00
3.80595e+00
3.80623e+00
3.80623e+00
3.80593e+00
3.80603e+00
3.80602e+00
3.80630e+00
3.80611e+00
3.80635e+00
3.80618e+00
3.80626e+00
3.80631e+00
3.80621e+00
3.80636e+00
3.80613e+00
3.80617e+00
3.80645e+00
3.80594e+00
3.80623e+00
3.80631e+00
3.80611e+00
3.80613e+00
3.80637e+00
3.80627e+00
3.80607e+00
3.80624e+00
3.80616e+00
3.76091e+00
3.76083e+00
3.76089e+00
3.76074e+00
3.76060e+00
3.76064e+00
3.76076e+00
3.76073e+00
3.76091e+00
3.76070e+00
3.76097e+00
3.76063e+00
3.76067e+00
3.76098e+00
3.76090e+00
3.76079e+00
3.76076e+00
3.76079e+00
3.76065e+00
3.76067e+00
3.76093e+00
3.76086e+00
3.76069e+00
3.76072e+00
3.76066e+00
3.76085e+00
3.76074e+00
3.76082e+00
3.76072e+00
3.76068e+00
3.76086e+00
3.76077e+00
3.76073e+00
3.76090e+00
3.76070e+00
3.76083e+00
3.76089e+00
3.76088e+00
3.76069e+00
3.76070e+00
3.76065e+00
3.76088e+00
3.76071e+00
3.76072e+00
3.76065e+00
3.76073e+00
3.76089e+00
3.76075e+00
3.76076e+00
3.76072e+00
3.76054e+00
3.76068e+00
3.76077e+00
3.76066e+00
3.76068e+00
3.76095e+00
3.76071e+00
3.76083e+00
3.76078e+00
3.76066e+00
