-3.29390e-01
-4.00059e+00
-4.51808e+00
-4.63122e-01
3.67120e+00
8.72464e-01
-2.34916e+00
-4.74817e-01
-6.54145e+00
3.82806e+00
-3.73420e+00
-1.41178e-01
3.17648e+00
-9.57112e-01
-5.05770e+00
1.19678e+00
1.96673e+00
-4.37623e+00
-7.83452e+00
-4.04245e+00
1.30228e+00
-6.18218e+00
7.04776e+00
-3.17906e+00
-7.22556e+00
-5.75694e+00
-5.88670e+00
-6.57044e+00
2.88526e+00
-5.25580e+00
-2.84442e+00
-5.13035e+00
-7.15308e-01
-2.94896e+00
9.07768e-01
-3.56973e+00
4.34645e-01
3.21260e+00
-2.45037e+00
1.56108e+00
-2.73025e-01
-2.85503e+00
-2.33926e+00
-6.90012e+00
-3.38895e+00
-6.00567e+00
-1.57467e+00
-6.05566e+00
-4.77288e+00
-1.86349e+00
-4.27878e+00
2.73635e+00
-3.88494e+00
-5.42359e+00
5.69025e-01
-4.75088e+00
3.71931e+00
2.00565e-03
-1.39619e+00
-2.30910e-01
2.49825e+03
2.49256e+03
2.48952e+03
2.49421e+03
2.50050e+03
2.50454e+03
2.50580e+03
2.49397e+03
2.50237e+03
2.50113e+03
2.50187e+03
2.49782e+03
2.50839e+03
2.50172e+03
2.50555e+03
2.49471e+03
2.50118e+03
2.50113e+03
2.49970e+03
2.50639e+03
2.50374e+03
2.50402e+03
2.49858e+03
2.50243e+03
2.49851e+03
2.50018e+03
2.49895e+03
2.50465e+03
2.49297e+03
2.49837e+03
2.50510e+03
2.50743e+03
2.50880e+03
2.50742e+03
2.48946e+03
2.50974e+03
2.50790e+03
2.49646e+03
2.50757e+03
2.50916e+03
2.50129e+03
2.50911e+03
2.50837e+03
2.50839e+03
2.50197e+03
2.50324e+03
2.50228e+03
2.49857e+03
2.50044e+03
2.50265e+03
2.50000e+03
2.51230e+03
2.49836e+03
2.50784e+03
2.49143e+03
2.48969e+03
2.50207e+03
2.50054e+03
2.49274e+03
2.49885e+03
5.01095e+03
5.00816e+03
5.01489e+03
5.00553e+03
4.99138e+03
4.99084e+03
5.00385e+03
5.00381e+03
4.99736e+03
5.00502e+03
5.00777e+03
5.00095e+03
4.99359e+03
5.00634e+03
5.00688e+03
5.01578e+03
5.00198e+03
5.00940e+03
4.99928e+03
5.01099e+03
5.01463e+03
5.00150e+03
5.01091e+03
4.99123e+03
5.00307e+03
4.99474e+03
4.99331e+03
4.99507e+03
5.00292e+03
4.99933e+03
5.01166e+03
5.00789e+03
4.99811e+03
4.99443e+03
4.99866e+03
5.00908e+03
5.00072e+03
5.00552e+03
4.98988e+03
5.00601e+03
5.00662e+03
5.00631e+03
5.00073e+03
4.99948e+03
5.00531e+03
4.99778e+03
5.00669e+03
4.99061e+03
5.00431e+03
5.00370e+03
4.99437e+03
4.99113e+03
5.00935e+03
5.00641e+03
5.00036e+03
4.99602e+03
4.98302e+03
5.00107e+03
5.00475e+03
5.01531e+03
7.49388e+03
7.48925e+03
7.49953e+03
7.50488e+03
7.49094e+03
7.49670e+03
7.49682e+03
7.50392e+03
7.50219e+03
7.50255e+03
7.50892e+03
7.51809e+03
7.50790e+03
7.50306e+03
7.48914e+03
7.50925e+03
7.49128e+03
7.48701e+03
7.50838e+03
7.50072e+03
7.49330e+03
7.50672e+03
7.50923e+03
7.50508e+03
7.50547e+03
7.50723e+03
7.50527e+03
7.49192e+03
7.51106e+03
7.52221e+03
7.52123e+03
7.50296e+03
7.49397e+03
7.50822e+03
7.50213e+03
7.49634e+03
7.51428e+03
7.51811e+03
7.50075e+03
7.49974e+03
7.50168e+03
7.49515e+03
7.49113e+03
7.48968e+03
7.49826e+03
7.51279e+03
7.49237e+03
7.51861e+03
7.51178e+03
7.49418e+03
7.50684e+03
7.51182e+03
7.50423e+03
7.51343e+03
7.50221e+03
7.50261e+03
7.49660e+03
7.50989e+03
7.49286e+03
7.50590e+03
9.99369e+03
1.00021e+04
9.99129e+03
9.99309e+03
1.00193e+04
1.00196e+04
1.00182e+04
1.00001e+04
9.98945e+03
1.00125e+04
9.98547e+03
1.00110e+04
1.00109e+04
9.98971e+03
9.97906e+03
9.99962e+03
1.00129e+04
9.98172e+03
1.00116e+04
9.99992e+03
9.99061e+03
1.00130e+04
1.00220e+04
1.00069e+04
1.00004e+04
9.99410e+03
1.00006e+04
1.00028e+04
9.99960e+03
1.00172e+04
1.00096e+04
1.00097e+04
9.98023e+03
9.98799e+03
1.00107e+04
1.00007e+04
9.98978e+03
9.99936e+03
1.00093e+04
1.00119e+04
1.00100e+04
9.98539e+03
1.00229e+04
1.00182e+04
1.00153e+04
1.00020e+04
9.98910e+03
1.00117e+04
9.99483e+03
9.98900e+03
1.00292e+04
1.00147e+04
1.00036e+04
1.00201e+04
1.00113e+04
9.97752e+03
1.00005e+04
1.00048e+04
9.99836e+03
1.00086e+04
