8.74100e+03
8.70453e+03
8.74678e+03
8.72611e+03
8.69098e+03
8.68119e+03
8.72035e+03
8.73685e+03
8.72577e+03
8.74051e+03
8.64437e+03
8.68437e+03
8.69410e+03
8.73045e+03
8.73689e+03
8.77026e+03
8.71318e+03
8.68493e+03
8.71956e+03
8.75063e+03
8.72593e+03
8.70074e+03
8.67522e+03
8.74621e+03
8.67345e+03
8.72209e+03
8.68162e+03
8.70316e+03
8.65591e+03
8.72903e+03
8.73585e+03
8.70852e+03
8.62039e+03
8.72653e+03
8.70170e+03
8.74890e+03
8.65148e+03
8.70778e+03
8.71572e+03
8.63363e+03
8.71272e+03
8.73582e+03
8.58139e+03
8.72790e+03
8.75199e+03
8.72603e+03
8.69447e+03
8.71208e+03
8.73393e+03
8.71292e+03
8.72416e+03
8.77286e+03
8.69712e+03
8.64149e+03
8.75842e+03
8.67712e+03
8.69958e+03
8.71256e+03
8.70381e+03
8.60251e+03
