1.31738e+02
1.28056e+02
1.34718e+02
1.39676e+02
1.33060e+02
1.35825e+02
1.33751e+02
1.32418e+02
1.33063e+02
1.42538e+02
1.39054e+02
1.36926e+02
1.31697e+02
1.33565e+02
1.40221e+02
1.45712e+02
1.27380e+02
1.35767e+02
1.36242e+02
1.34369e+02
1.41090e+02
1.27958e+02
1.37450e+02
1.37255e+02
1.34653e+02
1.39578e+02
1.33307e+02
1.35205e+02
1.38498e+02
1.29462e+02
1.33465e+02
1.38628e+02
1.38958e+02
1.33309e+02
1.33220e+02
1.36229e+02
1.32988e+02
1.33163e+02
1.30405e+02
1.33652e+02
1.41846e+02
1.27474e+02
1.32309e+02
1.34499e+02
1.32224e+02
1.43376e+02
1.34512e+02
1.34254e+02
1.32814e+02
1.33467e+02
1.31956e+02
1.29336e+02
1.32429e+02
1.31918e+02
1.37386e+02
1.41671e+02
1.40180e+02
1.38141e+02
1.31249e+02
1.30414e+02
1.42726e+03
1.43415e+03
1.42854e+03
1.43034e+03
1.42689e+03
1.43351e+03
1.42879e+03
1.41874e+03
1.41644e+03
1.43227e+03
1.42755e+03
1.43699e+03
1.44423e+03
1.42203e+03
1.43612e+03
1.42140e+03
1.42846e+03
1.45174e+03
1.43226e+03
1.43468e+03
1.43547e+03
1.42871e+03
1.43487e+03
1.43519e+03
1.42754e+03
1.43172e+03
1.41879e+03
1.42669e+03
1.42557e+03
1.43019e+03
1.43305e+03
1.42316e+03
1.42730e+03
1.42561e+03
1.41920e+03
1.43944e+03
1.42555e+03
1.43036e+03
1.42591e+03
1.42166e+03
1.42581e+03
1.41228e+03
1.43369e+03
1.41799e+03
1.42053e+03
1.42925e+03
1.42537e+03
1.42988e+03
1.42739e+03
1.42829e+03
1.41237e+03
1.44528e+03
1.42293e+03
1.43702e+03
1.42703e+03
1.43370e+03
1.41598e+03
1.42606e+03
1.42361e+03
1.42902e+03
8.80184e+03
8.77036e+03
8.79109e+03
8.81019e+03
8.82524e+03
8.77035e+03
8.83506e+03
8.80075e+03
8.81195e+03
8.84646e+03
8.82946e+03
8.81925e+03
8.88662e+03
8.80690e+03
8.82413e+03
8.81881e+03
8.82105e+03
8.82511e+03
8.79662e+03
8.84083e+03
8.82620e+03
8.84311e+03
8.77705e+03
8.78199e+03
8.83976e+03
8.76854e+03
8.77173e+03
8.80151e+03
8.81306e+03
8.79300e+03
8.83062e+03
8.79119e+03
8.81999e+03
8.86457e+03
8.83994e+03
8.75743e+03
8.85021e+03
8.79814e+03
8.85777e+03
8.91970e+03
8.79796e+03
8.81233e+03
8.86197e+03
8.80585e+03
8.82461e+03
8.79356e+03
8.85170e+03
8.84311e+03
8.79178e+03
8.83340e+03
8.86771e+03
8.88425e+03
8.79897e+03
8.79203e+03
8.79110e+03
8.84860e+03
8.83192e+03
8.83659e+03
8.76753e+03
8.86038e+03
4.25439e+03
4.25934e+03
4.28218e+03
4.26985e+03
4.25463e+03
4.28367e+03
4.27158e+03
4.24902e+03
4.28209e+03
4.25579e+03
4.27879e+03
4.29186e+03
4.26377e+03
4.26554e+03
4.27335e+03
4.27270e+03
4.25709e+03
4.27080e+03
4.26565e+03
4.27651e+03
4.26984e+03
4.27911e+03
4.27165e+03
4.27924e+03
4.25584e+03
4.25796e+03
4.29112e+03
4.25679e+03
4.25694e+03
4.28448e+03
4.26977e+03
4.27230e+03
4.28927e+03
4.27186e+03
4.26359e+03
4.27226e+03
4.23718e+03
4.26834e+03
4.26627e+03
4.25399e+03
4.27075e+03
4.27891e+03
4.26044e+03
4.24919e+03
4.26892e+03
4.25945e+03
4.27792e+03
4.25007e+03
4.26215e+03
4.28065e+03
4.25795e+03
4.29422e+03
4.24554e+03
4.27592e+03
4.28434e+03
4.25409e+03
4.29305e+03
4.26695e+03
4.27017e+03
4.27816e+03
1.16602e+04
1.14811e+04
1.16128e+04
1.15434e+04
1.15749e+04
1.15921e+04
1.15788e+04
1.16222e+04
1.15291e+04
1.15923e+04
1.16702e+04
1.15929e+04
1.15945e+04
1.16081e+04
1.16197e+04
1.16380e+04
1.15600e+04
1.16462e+04
1.16606e+04
1.16244e+04
1.16481e+04
1.15881e+04
1.15647e+04
1.16160e+04
1.16439e+04
1.15436e+04
1.16287e+04
1.15626e+04
1.15669e+04
1.16395e+04
1.16879e+04
1.17149e+04
1.16202e+04
1.16641e+04
1.15974e+04
1.16188e+04
1.16223e+04
1.16713e+04
1.16365e+04
1.16196e+04
1.17444e+04
1.16092e+04
1.16690e+04
1.16115e+04
1.15999e+04
1.16288e+04
1.15754e+04
1.15935e+04
1.15758e+04
1.16134e+04
1.15404e+04
1.16424e+04
1.15785e+04
1.14974e+04
1.16018e+04
1.15880e+04
1.15982e+04
1.16594e+04
1.16306e+04
1.16179e+04
