2.05972e+02
2.19592e+02
2.10562e+02
2.06550e+02
2.09345e+02
2.08654e+02
2.09510e+02
2.14637e+02
2.09138e+02
2.04429e+02
2.04534e+02
2.06950e+02
2.10889e+02
2.06147e+02
2.12118e+02
2.17712e+02
2.05329e+02
2.05645e+02
1.99441e+02
2.05005e+02
2.05252e+02
2.07200e+02
2.10300e+02
1.99390e+02
2.10486e+02
2.03658e+02
2.08394e+02
2.07110e+02
2.08633e+02
2.08064e+02
2.03905e+02
2.09847e+02
2.12278e+02
2.11763e+02
2.06897e+02
2.03044e+02
2.06684e+02
2.04880e+02
2.14585e+02
2.10067e+02
2.08699e+02
2.12950e+02
2.12415e+02
2.17892e+02
2.04357e+02
2.14879e+02
2.17840e+02
2.16044e+02
2.02373e+02
2.13384e+02
2.19111e+02
2.05821e+02
2.08738e+02
2.09315e+02
2.07579e+02
2.17456e+02
2.05005e+02
2.14318e+02
2.09111e+02
2.18504e+02
1.26402e+02
1.24064e+02
1.18378e+02
1.22596e+02
1.26902e+02
1.21846e+02
1.20283e+02
1.20890e+02
1.21875e+02
1.19652e+02
1.23428e+02
1.21286e+02
1.29348e+02
1.25749e+02
1.21880e+02
1.19933e+02
1.26587e+02
1.21606e+02
1.23662e+02
1.20133e+02
1.21842e+02
1.24981e+02
1.20842e+02
1.24448e+02
1.26699e+02
1.23756e+02
1.17961e+02
1.19695e+02
1.18999e+02
1.21160e+02
1.16442e+02
1.24631e+02
1.23064e+02
1.22994e+02
1.27919e+02
1.25844e+02
1.23231e+02
1.26326e+02
1.23351e+02
1.27818e+02
1.23261e+02
1.23674e+02
1.23841e+02
1.24285e+02
1.24650e+02
1.21618e+02
1.19983e+02
1.26958e+02
1.23638e+02
1.18627e+02
1.24137e+02
1.24899e+02
1.18520e+02
1.21380e+02
1.22900e+02
1.17344e+02
1.22850e+02
1.20430e+02
1.24699e+02
1.21823e+02
7.16335e+01
7.85309e+01
7.83457e+01
7.86602e+01
7.59678e+01
7.52715e+01
7.61567e+01
7.45067e+01
7.88755e+01
7.63355e+01
7.90511e+01
7.70558e+01
7.73978e+01
7.74578e+01
7.96312e+01
7.38265e+01
7.61183e+01
7.41360e+01
7.82505e+01
7.93865e+01
7.85114e+01
7.86480e+01
7.69154e+01
7.74247e+01
8.02417e+01
7.56918e+01
7.87732e+01
7.78764e+01
7.81061e+01
7.53188e+01
7.39581e+01
7.71334e+01
7.24461e+01
7.64138e+01
8.01286e+01
7.28616e+01
7.53301e+01
7.71083e+01
7.61593e+01
7.44661e+01
7.97090e+01
8.06837e+01
8.06549e+01
7.57163e+01
7.53619e+01
8.16315e+01
8.00625e+01
7.49387e+01
7.73934e+01
7.27627e+01
7.64868e+01
7.58308e+01
7.81565e+01
7.79527e+01
7.94001e+01
7.48567e+01
7.68092e+01
7.78707e+01
7.59237e+01
7.73338e+01
4.73627e+01
4.66015e+01
4.56950e+01
4.73448e+01
5.19055e+01
5.16217e+01
4.46483e+01
4.96138e+01
4.58581e+01
5.23178e+01
4.75387e+01
4.99075e+01
4.77325e+01
5.22594e+01
5.11846e+01
4.85107e+01
4.95402e+01
4.87398e+01
4.73654e+01
5.03231e+01
5.04033e+01
5.19506e+01
4.55247e+01
5.04469e+01
4.90252e+01
4.77512e+01
4.47383e+01
5.06566e+01
4.99380e+01
4.85887e+01
4.89931e+01
4.63308e+01
4.82755e+01
5.08770e+01
4.57593e+01
4.85494e+01
4.60463e+01
5.12993e+01
5.24204e+01
4.88916e+01
4.68485e+01
5.02531e+01
4.81582e+01
4.91804e+01
4.57235e+01
5.20294e+01
4.85377e+01
5.19073e+01
4.92105e+01
4.91257e+01
4.58185e+01
5.03678e+01
4.60286e+01
4.84677e+01
4.81714e+01
5.02574e+01
5.22493e+01
4.99370e+01
5.19951e+01
5.00152e+01
2.74442e+01
2.84159e+01
2.62500e+01
2.52384e+01
2.59412e+01
2.68715e+01
2.78430e+01
2.37664e+01
2.60031e+01
2.66753e+01
2.90931e+01
2.49452e+01
2.88287e+01
2.67477e+01
2.90310e+01
2.68668e+01
2.19848e+01
2.37816e+01
2.60228e+01
2.35124e+01
2.71578e+01
2.69969e+01
2.74154e+01
2.66814e+01
2.54128e+01
2.49274e+01
2.80278e+01
2.94587e+01
2.59800e+01
2.71446e+01
2.76741e+01
2.68188e+01
2.78392e+01
2.73089e+01
2.84432e+01
2.48816e+01
2.81212e+01
2.81893e+01
2.28097e+01
2.50567e+01
2.54259e+01
2.74399e+01
2.80063e+01
2.26015e+01
2.71259e+01
2.63866e+01
2.41731e+01
2.65708e+01
2.78024e+01
2.75292e+01
2.61619e+01
2.36057e+01
2.91004e+01
3.03541e+01
2.79299e+01
2.93711e+01
2.92540e+01
2.86326e+01
2.55204e+01
2.77901e+01
