1.85865e+02
1.83755e+02
1.87102e+02
1.81501e+02
1.85403e+02
1.87661e+02
1.83528e+02
1.81780e+02
1.86986e+02
1.84194e+02
1.82150e+02
1.83217e+02
1.80952e+02
1.80292e+02
1.85116e+02
1.81472e+02
1.82372e+02
1.79668e+02
1.81886e+02
1.91626e+02
1.88493e+02
1.88598e+02
1.81096e+02
1.84557e+02
1.86338e+02
1.87687e+02
1.85147e+02
1.84757e+02
1.87235e+02
1.82303e+02
1.93617e+02
1.90943e+02
1.88185e+02
1.86573e+02
1.90421e+02
1.80116e+02
1.89896e+02
1.88291e+02
1.84361e+02
1.85830e+02
1.88222e+02
1.89503e+02
1.81465e+02
1.79898e+02
1.78900e+02
1.82542e+02
1.81525e+02
1.91811e+02
1.81867e+02
1.83329e+02
1.77619e+02
1.81257e+02
1.83188e+02
1.82913e+02
1.79885e+02
1.84265e+02
1.86100e+02
1.81105e+02
1.88062e+02
1.90858e+02
1.13374e+02
1.07747e+02
1.11077e+02
1.10037e+02
1.08153e+02
1.13804e+02
1.15178e+02
1.09748e+02
1.13086e+02
1.16791e+02
1.13308e+02
1.14434e+02
1.11338e+02
1.10190e+02
1.07582e+02
1.06572e+02
1.08358e+02
1.06530e+02
1.09595e+02
1.08816e+02
1.05701e+02
1.06500e+02
1.08107e+02
1.13575e+02
1.08218e+02
1.11152e+02
1.16150e+02
1.06005e+02
1.10954e+02
1.15743e+02
1.14467e+02
1.10507e+02
1.10951e+02
1.08490e+02
1.07293e+02
1.08687e+02
1.12346e+02
1.07415e+02
1.07398e+02
1.07982e+02
1.14360e+02
1.07488e+02
1.13341e+02
1.11788e+02
1.12170e+02
1.17265e+02
1.11572e+02
1.05954e+02
1.10111e+02
1.12135e+02
1.14608e+02
1.12171e+02
1.09925e+02
1.12968e+02
1.15959e+02
1.07091e+02
1.12614e+02
1.12928e+02
1.16065e+02
1.09985e+02
6.88526e+01
6.50108e+01
7.17321e+01
7.28920e+01
6.95665e+01
7.26516e+01
6.71678e+01
6.94453e+01
6.92831e+01
6.63488e+01
7.21395e+01
7.10242e+01
7.61075e+01
6.94120e+01
7.35417e+01
6.63344e+01
7.12535e+01
7.21036e+01
7.17460e+01
7.31383e+01
7.11539e+01
7.22276e+01
6.66788e+01
7.20653e+01
6.67580e+01
6.98186e+01
6.72520e+01
7.08269e+01
7.16268e+01
6.64615e+01
7.10889e+01
6.99415e+01
6.71455e+01
7.07712e+01
6.60362e+01
6.65335e+01
7.22735e+01
7.14687e+01
6.83449e+01
7.37754e+01
7.17539e+01
7.00154e+01
6.69796e+01
6.91588e+01
6.84755e+01
7.14390e+01
7.08930e+01
7.14928e+01
7.38077e+01
7.06917e+01
7.39471e+01
6.88627e+01
7.20021e+01
7.14346e+01
6.96012e+01
6.88544e+01
7.20928e+01
7.14662e+01
7.05119e+01
7.36468e+01
4.38250e+01
4.76941e+01
4.66621e+01
4.45737e+01
4.72046e+01
4.41324e+01
4.62534e+01
4.68797e+01
4.73897e+01
4.62002e+01
4.50660e+01
4.45025e+01
4.62275e+01
4.52172e+01
4.64132e+01
4.44753e+01
4.40155e+01
5.23377e+01
4.45880e+01
4.65527e+01
4.79701e+01
4.85239e+01
4.50148e+01
4.90443e+01
4.78571e+01
4.95275e+01
4.75612e+01
4.76352e+01
4.48439e+01
4.70665e+01
4.61910e+01
4.67205e+01
4.75653e+01
4.51265e+01
4.41072e+01
4.61515e+01
4.92582e+01
4.72937e+01
4.66692e+01
4.62289e+01
4.88791e+01
4.76690e+01
4.93168e+01
4.74443e+01
4.46616e+01
4.71357e+01
4.63792e+01
4.80922e+01
4.78484e+01
4.76181e+01
4.65701e+01
5.01269e+01
4.51918e+01
4.58792e+01
4.65686e+01
4.68019e+01
4.29421e+01
4.57385e+01
4.63069e+01
4.68029e+01
2.67638e+01
2.94634e+01
2.84953e+01
2.73474e+01
3.06525e+01
2.81008e+01
2.82886e+01
2.87782e+01
2.70063e+01
2.79916e+01
2.45595e+01
2.63799e+01
2.73633e+01
2.79403e+01
2.82318e+01
2.73298e+01
2.84479e+01
2.72606e+01
2.96423e+01
2.78084e+01
3.05549e+01
2.94577e+01
2.46406e+01
2.56345e+01
2.75820e+01
2.75111e+01
2.65984e+01
2.76423e+01
2.71122e+01
2.77671e+01
2.80717e+01
2.78696e+01
2.86048e+01
2.86008e+01
2.85283e+01
2.94140e+01
3.06476e+01
2.76723e+01
2.82680e+01
2.89527e+01
2.72071e+01
2.55689e+01
2.98244e+01
2.81848e+01
2.74635e+01
2.89050e+01
2.84655e+01
2.71742e+01
2.84862e+01
2.77049e+01
2.70230e+01
2.54027e+01
2.56239e+01
2.71046e+01
2.63140e+01
2.70234e+01
2.70858e+01
2.88153e+01
2.83490e+01
2.77346e+01
