1.52051e+01
1.36625e+01
1.40795e+01
1.37145e+01
1.50531e+01
8.93872e+00
1.24601e+01
1.48800e+01
1.64243e+01
1.35361e+01
1.26767e+01
1.57880e+01
1.08611e+01
1.27433e+01
1.48852e+01
1.70565e+01
1.37728e+01
1.69348e+01
1.69886e+01
1.64475e+01
1.65781e+01
1.26166e+01
1.73092e+01
1.44753e+01
1.89896e+01
1.60408e+01
1.43402e+01
1.57070e+01
1.44220e+01
1.75953e+01
2.00133e+01
1.49046e+01
1.41534e+01
1.39025e+01
1.46791e+01
1.45935e+01
1.65953e+01
1.73092e+01
1.56515e+01
9.00045e+00
1.42142e+01
1.76387e+01
1.94050e+01
1.85022e+01
1.61870e+01
1.62140e+01
1.68283e+01
1.70280e+01
1.47933e+01
1.33540e+01
1.50205e+01
1.22530e+01
1.54820e+01
1.17534e+01
1.32355e+01
1.49904e+01
1.57695e+01
1.52217e+01
1.37424e+01
1.68162e+01
3.88728e+02
3.89822e+02
3.81742e+02
3.94846e+02
3.89494e+02
3.93692e+02
3.89000e+02
3.92050e+02
3.87204e+02
3.85305e+02
3.85270e+02
3.87307e+02
3.90985e+02
3.91912e+02
3.85985e+02
3.88440e+02
3.84486e+02
3.92296e+02
3.88490e+02
3.88199e+02
3.95193e+02
3.88693e+02
3.92298e+02
3.91307e+02
3.91424e+02
3.86941e+02
3.86735e+02
3.89788e+02
3.90008e+02
3.87472e+02
3.94094e+02
3.90582e+02
3.90912e+02
3.90195e+02
3.89746e+02
3.89122e+02
3.92139e+02
3.86453e+02
3.91376e+02
3.89781e+02
3.93834e+02
3.90544e+02
3.92797e+02
3.90994e+02
3.90682e+02
3.88469e+02
3.90190e+02
3.90559e+02
3.91392e+02
3.89165e+02
3.87241e+02
3.93423e+02
3.91422e+02
3.90514e+02
3.91487e+02
3.86015e+02
3.89533e+02
3.93605e+02
3.93185e+02
3.86325e+02
1.10169e+03
1.10302e+03
1.10955e+03
1.11234e+03
1.10550e+03
1.10932e+03
1.10075e+03
1.10591e+03
1.10342e+03
1.10657e+03
1.10625e+03
1.10025e+03
1.10470e+03
1.10227e+03
1.10766e+03
1.10507e+03
1.10249e+03
1.10497e+03
1.10276e+03
1.10379e+03
1.10756e+03
1.10908e+03
1.10313e+03
1.10566e+03
1.10756e+03
1.10431e+03
1.10529e+03
1.10838e+03
1.10306e+03
1.10825e+03
1.10753e+03
1.10005e+03
1.10754e+03
1.10362e+03
1.10070e+03
1.10434e+03
1.10429e+03
1.10060e+03
1.10692e+03
1.09989e+03
1.10035e+03
1.10350e+03
1.10767e+03
1.10799e+03
1.10990e+03
1.10039e+03
1.10996e+03
1.10247e+03
1.10363e+03
1.10530e+03
1.09957e+03
1.10203e+03
1.10681e+03
1.10723e+03
1.10798e+03
1.10713e+03
1.10870e+03
1.10166e+03
1.10869e+03
1.11007e+03
2.41265e+03
2.42449e+03
2.41604e+03
2.42347e+03
2.41958e+03
2.42238e+03
2.42627e+03
2.42237e+03
2.42214e+03
2.42198e+03
2.42671e+03
2.42394e+03
2.42270e+03
2.41724e+03
2.42388e+03
2.42350e+03
2.42381e+03
2.42624e+03
2.42555e+03
2.42119e+03
2.42205e+03
2.42810e+03
2.42772e+03
2.42320e+03
2.42892e+03
2.42514e+03
2.41714e+03
2.42067e+03
2.42548e+03
2.42563e+03
2.43153e+03
2.42736e+03
2.42365e+03
2.41964e+03
2.42399e+03
2.42617e+03
2.42260e+03
2.42150e+03
2.42229e+03
2.41699e+03
2.42245e+03
2.42070e+03
2.42262e+03
2.42049e+03
2.42091e+03
2.42110e+03
2.42770e+03
2.41983e+03
2.42797e+03
2.42008e+03
2.42036e+03
2.42719e+03
2.43104e+03
2.42054e+03
2.42582e+03
2.42325e+03
2.42062e+03
2.42639e+03
2.42440e+03
2.43158e+03
4.81442e+03
4.82005e+03
4.80954e+03
4.81576e+03
4.81782e+03
4.81244e+03
4.81032e+03
4.81683e+03
4.82758e+03
4.81759e+03
4.82148e+03
4.81588e+03
4.82206e+03
4.82249e+03
4.82385e+03
4.80957e+03
4.81240e+03
4.80826e+03
4.81633e+03
4.82482e+03
4.82346e+03
4.81722e+03
4.80975e+03
4.82346e+03
4.81526e+03
4.81766e+03
4.80836e+03
4.81871e+03
4.81168e+03
4.81087e+03
4.81542e+03
4.80535e+03
4.82093e+03
4.80450e+03
4.81017e+03
4.82081e+03
4.81975e+03
4.81123e+03
4.81310e+03
4.80843e+03
4.81685e+03
4.81265e+03
4.82184e+03
4.81205e+03
4.81779e+03
4.81700e+03
4.81236e+03
4.81036e+03
4.81073e+03
4.82117e+03
4.82395e+03
4.81704e+03
4.81589e+03
4.80297e+03
4.81610e+03
4.81512e+03
4.82255e+03
4.81759e+03
4.82102e+03
4.82341e+03
