3.28898e+01
2.56553e+01
2.71386e+01
3.44784e+01
2.92934e+01
2.71168e+01
2.20551e+01
2.46336e+01
2.26104e+01
2.70909e+01
2.26161e+01
2.32227e+01
2.69664e+01
2.46594e+01
2.17251e+01
2.78543e+01
2.75719e+01
2.99132e+01
2.33205e+01
2.15982e+01
3.33590e+01
2.46749e+01
2.90642e+01
3.11233e+01
2.25952e+01
2.73614e+01
2.45492e+01
2.49859e+01
3.65071e+01
3.14159e+01
2.84345e+01
2.65602e+01
2.19938e+01
3.13505e+01
1.84906e+01
2.65404e+01
2.27790e+01
2.64026e+01
2.93055e+01
2.00744e+01
3.21651e+01
2.62568e+01
2.79970e+01
2.42750e+01
2.24746e+01
2.08045e+01
1.61375e+01
2.77623e+01
2.84341e+01
2.42910e+01
3.18406e+01
2.58608e+01
2.32612e+01
2.96748e+01
2.13910e+01
2.25357e+01
2.48797e+01
2.07174e+01
1.85606e+01
3.02901e+01
1.22247e+00
-5.87084e+00
-4.55025e+00
-4.71920e+00
-3.11926e+00
-2.48562e+00
-6.63639e+00
-1.11599e+01
-2.52521e+00
-7.98096e+00
-2.46744e+00
-4.74341e+00
-4.06095e+00
-2.52589e+00
-1.06389e+01
-3.86676e+00
-8.53624e+00
-3.88461e+00
-4.74439e+00
-4.52021e+00
-8.99760e+00
-2.70504e+00
-1.09567e+00
-5.49170e+00
-5.11354e+00
-5.13424e+00
-4.97927e+00
-4.66815e+00
-1.07215e+01
-7.17212e-01
-5.56173e+00
-3.52405e+00
-2.82149e+00
-5.80534e+00
-3.55991e+00
-4.94568e+00
-3.30482e+00
-9.50054e+00
-8.04298e+00
-1.07093e+00
-5.82780e+00
-3.26819e+00
-1.43296e+00
-7.89622e+00
-1.69024e+00
-1.79744e-01
-3.65225e+00
1.28744e+00
-3.10419e+00
-8.74680e-01
-4.58830e+00
-4.37051e+00
-4.32160e+00
-5.22780e+00
-8.49891e-01
-7.41598e+00
-2.37321e+00
-2.26264e+00
-6.47299e+00
-1.00433e+01
-7.91137e+00
-1.08155e+01
-4.69637e+00
-5.56177e+00
-8.13232e+00
-6.43446e+00
-6.13271e+00
-5.96842e+00
-8.54431e+00
-9.47074e+00
-7.41797e+00
-8.87273e+00
-7.84033e+00
-1.27314e+01
-5.96587e+00
-6.85529e+00
-8.06227e+00
-6.25076e+00
-8.31853e+00
-9.62936e+00
-5.37202e+00
-8.06551e+00
-6.21418e+00
-8.13579e+00
-8.31327e+00
-5.86274e+00
-9.98453e+00
-9.02202e+00
-8.53575e+00
-8.21780e+00
-8.13796e+00
-1.05217e+01
-9.15697e+00
-8.51501e+00
-4.89008e+00
-7.57762e+00
-5.38146e+00
-5.45887e+00
-4.10710e+00
-5.73469e+00
-1.04807e+01
-6.46229e+00
-6.77261e+00
-6.48416e+00
-8.50677e+00
-4.14278e+00
-9.85683e+00
-7.72256e+00
-8.08574e+00
-7.61128e+00
-1.20809e+00
-1.90879e+00
-1.06053e+01
-9.34400e+00
-3.92926e+00
-7.20310e+00
-1.03396e+01
-4.77212e+00
-5.90601e+00
-3.52223e+00
-1.46402e+01
-1.25859e+01
-1.42255e+01
-1.23904e+01
-1.58659e+01
-1.23428e+01
-1.30398e+01
-1.15147e+01
-1.41732e+01
-1.72722e+01
-1.17318e+01
-1.33453e+01
-1.39815e+01
-1.55166e+01
-1.38166e+01
-1.68858e+01
-1.64193e+01
-1.71569e+01
-1.42756e+01
-1.67041e+01
-1.13692e+01
-1.36351e+01
-1.56077e+01
-1.44471e+01
-1.47854e+01
-1.70792e+01
-1.00373e+01
-1.33383e+01
-1.22431e+01
-1.34660e+01
-1.28811e+01
-1.08899e+01
-1.11648e+01
-1.48026e+01
-1.10832e+01
-1.35661e+01
-1.51071e+01
-1.44280e+01
-1.49928e+01
-1.50759e+01
-1.89349e+01
-1.08464e+01
-1.56418e+01
-1.57178e+01
-1.16921e+01
-1.10740e+01
-1.50090e+01
-1.36871e+01
-1.61916e+01
-1.45451e+01
-1.28549e+01
-1.56259e+01
-1.26729e+01
-1.59642e+01
-1.06503e+01
-1.42936e+01
-1.45416e+01
-1.33728e+01
-9.92312e+00
-1.46412e+01
-1.64809e+01
-1.47893e+01
-1.20565e+01
-1.51913e+01
-1.31414e+01
-1.55225e+01
-1.31231e+01
-1.40492e+01
-1.62827e+01
-1.25231e+01
-1.34151e+01
-1.43966e+01
-1.31694e+01
-1.15458e+01
-1.50651e+01
-1.41861e+01
-1.41941e+01
-1.61049e+01
-1.66814e+01
-1.40304e+01
-1.33566e+01
-1.42223e+01
-1.76341e+01
-1.33857e+01
-1.57693e+01
-1.66536e+01
-1.46876e+01
-1.32649e+01
-1.40619e+01
-1.53673e+01
-1.53265e+01
-1.42960e+01
-1.48447e+01
-1.44394e+01
-1.43708e+01
-1.50881e+01
-1.32475e+01
-1.30839e+01
-1.34682e+01
-1.47193e+01
-1.48734e+01
-1.51181e+01
-1.33832e+01
-1.42641e+01
-1.43639e+01
-1.26485e+01
-1.58389e+01
-1.21877e+01
-1.66179e+01
-1.51235e+01
-1.33278e+01
-1.70404e+01
-1.63269e+01
-1.52464e+01
-1.45742e+01
-1.43180e+01
-1.34663e+01
-1.45174e+01
-1.23024e+01
-1.48924e+01
