-3.77135e+00
2.81059e-01
1.38032e+00
-2.13325e+00
-4.66657e+00
-2.64058e+00
-1.86869e+00
-2.96551e+00
-2.55859e+00
1.98474e-01
-3.44224e+00
-3.44241e+00
-3.96263e+00
-5.37882e+00
1.10906e+00
-3.92307e+00
-1.09661e-01
4.98818e-02
-5.45874e+00
-4.95644e+00
-1.39794e+00
-1.62139e+00
1.73814e+00
-2.42046e+00
-3.82567e-01
-1.96777e+00
-1.59851e+00
-1.40703e+00
-1.53820e-01
2.23069e+00
-2.75054e+00
-3.54296e+00
-4.63026e+00
-1.34582e-01
-6.06971e+00
1.46777e+00
-2.84171e+00
-5.64932e+00
-4.20801e-01
-7.37721e-02
-5.58875e-01
7.81489e-01
-5.56224e+00
9.65406e-01
-7.16260e+00
-7.73150e+00
-5.37198e+00
-1.75849e+00
-6.42010e+00
-1.88106e-03
-6.23742e+00
-6.25902e+00
-1.53052e+00
-4.37909e+00
