4.10262e+00
4.10404e+00
4.10054e+00
4.10223e+00
4.10265e+00
4.10669e+00
4.10451e+00
4.10146e+00
4.10427e+00
4.09879e+00
4.10152e+00
4.09940e+00
4.10054e+00
4.10094e+00
4.10168e+00
4.10665e+00
4.10445e+00
4.09814e+00
4.09950e+00
4.10413e+00
4.10705e+00
4.10558e+00
4.10262e+00
4.10328e+00
4.09988e+00
4.10352e+00
4.10358e+00
4.10402e+00
4.09787e+00
4.10363e+00
4.10247e+00
4.10503e+00
4.09866e+00
4.10840e+00
4.10559e+00
4.10294e+00
4.10722e+00
4.10058e+00
4.10227e+00
4.10387e+00
4.10318e+00
4.10409e+00
4.10494e+00
4.09947e+00
4.10416e+00
4.10346e+00
4.10441e+00
4.09789e+00
4.09816e+00
4.10400e+00
4.09955e+00
4.10810e+00
4.10485e+00
4.09963e+00
4.10379e+00
4.10153e+00
4.10071e+00
4.10164e+00
4.10438e+00
4.10105e+00
3.92069e+00
3.92161e+00
3.92179e+00
3.92259e+00
3.92225e+00
3.92134e+00
3.92316e+00
3.92228e+00
3.92107e+00
3.92206e+00
3.92035e+00
3.92047e+00
3.92298e+00
3.92096e+00
3.92362e+00
3.91995e+00
3.92193e+00
3.92096e+00
3.92179e+00
3.92303e+00
3.91984e+00
3.92199e+00
3.92137e+00
3.92320e+00
3.92232e+00
3.92183e+00
3.92190e+00
3.92230e+00
3.92188e+00
3.92080e+00
3.92120e+00
3.92254e+00
3.92028e+00
3.92461e+00
3.92300e+00
3.92125e+00
3.92144e+00
3.92218e+00
3.92056e+00
3.92040e+00
3.92163e+00
3.92267e+00
3.92114e+00
3.92091e+00
3.92257e+00
3.92174e+00
3.92331e+00
3.92130e+00
3.92112e+00
3.92264e+00
3.92042e+00
3.92273e+00
3.92107e+00
3.92044e+00
3.92095e+00
3.92248e+00
3.92250e+00
3.92104e+00
3.92076e+00
3.92146e+00
3.66199e+00
3.66204e+00
3.66237e+00
3.66176e+00
3.66197e+00
3.66205e+00
3.66249e+00
3.66196e+00
3.66212e+00
3.66199e+00
3.66188e+00
3.66176e+00
3.66197e+00
3.66186e+00
3.66228e+00
3.66202e+00
3.66222e+00
3.66193e+00
3.66203e+00
3.66230e+00
3.66169e+00
3.66211e+00
3.66193e+00
3.66170e+00
3.66229e+00
3.66176e+00
3.66187e+00
3.66195e+00
3.66196e+00
3.66162e+00
3.66200e+00
3.66170e+00
3.66182e+00
3.66232e+00
3.66224e+00
3.66162e+00
3.66181e+00
3.66197e+00
3.66182e+00
3.66208e+00
3.66171e+00
3.66209e+00
3.66199e+00
3.66222e+00
3.66187e+00
3.66190e+00
3.66193e+00
3.66182e+00
3.66165e+00
3.66070e+00
3.66196e+00
3.66179e+00
3.66156e+00
3.66205e+00
3.66162e+00
3.66193e+00
3.66230e+00
3.66173e+00
3.66213e+00
3.66197e+00
3.59913e+00
3.59923e+00
3.59908e+00
3.59958e+00
3.59927e+00
3.59956e+00
3.59936e+00
3.59906e+00
3.59903e+00
3.59947e+00
3.59922e+00
3.59942e+00
3.59950e+00
3.59923e+00
3.59937e+00
3.59924e+00
3.59938e+00
3.59921e+00
3.59918e+00
3.59909e+00
3.59919e+00
3.59939e+00
3.59926e+00
3.59885e+00
3.59938e+00
3.59962e+00
3.59937e+00
3.59897e+00
3.59918e+00
3.59900e+00
3.59921e+00
3.59951e+00
3.59907e+00
3.59912e+00
3.59937e+00
3.59892e+00
3.59934e+00
3.59960e+00
3.59957e+00
3.59928e+00
3.59928e+00
3.59928e+00
3.59904e+00
3.59920e+00
3.59901e+00
3.59900e+00
3.59907e+00
3.59933e+00
3.59942e+00
3.59904e+00
3.59914e+00
3.59990e+00
3.59945e+00
3.59935e+00
3.59948e+00
3.59935e+00
3.59924e+00
3.59963e+00
3.59950e+00
3.59922e+00
3.55381e+00
3.55407e+00
3.55383e+00
3.55406e+00
3.55414e+00
3.55408e+00
3.55426e+00
3.55420e+00
3.55387e+00
3.55383e+00
3.55383e+00
3.55381e+00
3.55379e+00
3.55378e+00
3.55403e+00
3.55361e+00
3.55401e+00
3.55400e+00
3.55396e+00
3.55396e+00
3.55410e+00
3.55366e+00
3.55382e+00
3.55387e+00
3.55375e+00
3.55372e+00
3.55410e+00
3.55389e+00
3.55392e+00
3.55388e+00
3.55404e+00
3.55401e+00
3.55384e+00
3.55407e+00
3.55399e+00
3.55405e+00
3.55382e+00
3.55356e+00
3.55384e+00
3.55392e+00
3.55386e+00
3.55414e+00
3.55403e+00
3.55402e+00
3.55389e+00
3.55415e+00
3.55366e+00
3.55406e+00
3.55393e+00
3.55373e+00
3.55380e+00
3.55392e+00
3.55377e+00
3.55397e+00
3.55397e+00
3.55393e+00
3.55402e+00
3.55379e+00
3.55405e+00
3.55403e+00
