2.45297e-01
-1.98480e+00
8.38377e+00
-2.04866e+00
-4.37728e+00
-3.68181e+00
-1.02779e+01
4.44334e+00
1.87424e+00
8.71730e+00
4.17998e+00
1.65797e+01
7.41310e-01
1.14033e+01
1.79946e+00
-6.15234e+00
5.65521e+00
1.32386e+01
1.02064e+01
1.85519e+00
-1.17325e+01
1.56353e+00
6.30521e+00
4.87768e+00
1.34526e+01
-8.21545e+00
-3.12934e+00
4.68162e+00
7.09251e+00
-5.03244e+00
3.48945e+00
2.83641e+00
6.47988e+00
-8.38176e+00
-5.35575e+00
1.92473e+00
-5.23910e+00
4.94208e+00
3.50021e+00
-4.70246e+00
3.79837e+00
3.00258e+00
-1.92899e+00
3.96394e+00
-3.25258e+00
-1.57281e+00
-1.10299e+01
2.51701e+00
1.15967e+01
-8.14859e-01
8.49906e+00
-7.76638e+00
-6.22129e+00
8.70394e+00
-3.74449e+00
6.95078e+00
-1.97869e+00
6.43586e+00
-9.40256e+00
4.64503e+00
6.97898e+02
7.08611e+02
6.94164e+02
6.99916e+02
6.94518e+02
6.95566e+02
6.90251e+02
6.92317e+02
7.04284e+02
6.89534e+02
7.14598e+02
7.14244e+02
6.97048e+02
7.05567e+02
6.87618e+02
7.19501e+02
6.93037e+02
7.11164e+02
6.93688e+02
6.89965e+02
7.16303e+02
7.04179e+02
7.07599e+02
6.99475e+02
7.03051e+02
6.93455e+02
7.01351e+02
7.00982e+02
6.93238e+02
7.12303e+02
6.87106e+02
6.89415e+02
7.01199e+02
6.73002e+02
6.99445e+02
7.19724e+02
7.10281e+02
6.97390e+02
7.05093e+02
7.01989e+02
7.06467e+02
6.86131e+02
7.02404e+02
7.19817e+02
6.89944e+02
7.05235e+02
6.92422e+02
7.04015e+02
7.00203e+02
6.99161e+02
7.08772e+02
6.98942e+02
6.98170e+02
7.10968e+02
7.13701e+02
6.89234e+02
6.98407e+02
7.02985e+02
7.08565e+02
7.13406e+02
4.99483e+03
4.99025e+03
4.97385e+03
5.02307e+03
4.99921e+03
4.99883e+03
4.99793e+03
5.00211e+03
5.00232e+03
4.98653e+03
5.00481e+03
4.99842e+03
5.01329e+03
5.01458e+03
4.98898e+03
4.99588e+03
4.98914e+03
4.99447e+03
5.00241e+03
4.99781e+03
5.00453e+03
5.00790e+03
5.00576e+03
5.01264e+03
5.00100e+03
5.00409e+03
5.00620e+03
5.00482e+03
5.01255e+03
4.99455e+03
4.99524e+03
5.01101e+03
5.01359e+03
4.99843e+03
4.99233e+03
5.00813e+03
5.01357e+03
5.00985e+03
5.01032e+03
5.00399e+03
5.00827e+03
4.99096e+03
5.00504e+03
4.98616e+03
5.01073e+03
5.00771e+03
4.99705e+03
5.01067e+03
5.00526e+03
5.05005e+03
5.01047e+03
5.00559e+03
5.01519e+03
5.00443e+03
5.01964e+03
5.00101e+03
4.97528e+03
4.99952e+03
4.99826e+03
5.00716e+03
7.50607e+03
7.52094e+03
7.51933e+03
7.49640e+03
7.49956e+03
7.48205e+03
7.49890e+03
7.51620e+03
7.51248e+03
7.49957e+03
7.51210e+03
7.50461e+03
7.49796e+03
7.50528e+03
7.50434e+03
7.52608e+03
7.51851e+03
7.50727e+03
7.51688e+03
7.51383e+03
7.52115e+03
7.50357e+03
7.50759e+03
7.52911e+03
7.49953e+03
7.51184e+03
7.49357e+03
7.53529e+03
7.52178e+03
7.51109e+03
7.50484e+03
7.49202e+03
7.52027e+03
7.50442e+03
7.50442e+03
7.51629e+03
7.50873e+03
7.49249e+03
7.49439e+03
7.49961e+03
7.51179e+03
7.50292e+03
7.51690e+03
7.52957e+03
7.52083e+03
7.52969e+03
7.51483e+03
7.52101e+03
7.48662e+03
7.51410e+03
7.53364e+03
7.48133e+03
7.48618e+03
7.51427e+03
7.48431e+03
7.51467e+03
7.51008e+03
7.47411e+03
7.49319e+03
7.52013e+03
1.00073e+04
1.00031e+04
1.00261e+04
9.98977e+03
1.00056e+04
9.99287e+03
9.99483e+03
9.98287e+03
1.00324e+04
1.00229e+04
1.00073e+04
1.00230e+04
1.00297e+04
1.00197e+04
1.00097e+04
1.00096e+04
1.00072e+04
1.00044e+04
9.99859e+03
1.00113e+04
9.99915e+03
1.00214e+04
1.00096e+04
1.00011e+04
1.00068e+04
1.00206e+04
9.99194e+03
1.00170e+04
9.99375e+03
9.99323e+03
1.00012e+04
9.98742e+03
1.00232e+04
1.00088e+04
1.00133e+04
1.00012e+04
1.00093e+04
1.00118e+04
1.00040e+04
1.00124e+04
1.00141e+04
1.00016e+04
1.00048e+04
1.00211e+04
1.00089e+04
9.97947e+03
1.00310e+04
9.98091e+03
1.00211e+04
1.00180e+04
1.00095e+04
9.99343e+03
1.00082e+04
1.00024e+04
1.00083e+04
1.00038e+04
1.00048e+04
1.00106e+04
1.00108e+04
9.98787e+03
