-6.14763e+01
-6.22047e+01
-5.75700e+01
-6.36374e+01
-6.22140e+01
-6.67246e+01
-6.51916e+01
-6.36796e+01
-6.80715e+01
-6.30104e+01
-6.25947e+01
-6.23300e+01
-6.82297e+01
-6.53789e+01
-6.32242e+01
-6.05027e+01
-6.39732e+01
-6.05400e+01
-6.09230e+01
-6.14278e+01
-6.47879e+01
-6.83669e+01
-6.04470e+01
-6.24781e+01
-6.59688e+01
-6.51364e+01
-6.63429e+01
-6.53735e+01
-6.56206e+01
-6.66522e+01
-6.43203e+01
-6.16687e+01
-6.38291e+01
-6.47783e+01
-6.76309e+01
-5.72343e+01
-6.62668e+01
-6.33835e+01
-6.38834e+01
-6.59727e+01
-6.46817e+01
-6.09140e+01
-6.01820e+01
-6.41057e+01
-6.20527e+01
-6.50841e+01
-6.25003e+01
-6.27122e+01
-6.42771e+01
-6.33092e+01
-6.69725e+01
-6.41106e+01
-6.37090e+01
-6.52926e+01
-6.14990e+01
-5.99729e+01
-6.28133e+01
-6.32123e+01
-6.55482e+01
-6.31843e+01
7.76602e+02
7.79137e+02
7.84357e+02
7.78531e+02
7.81313e+02
7.78322e+02
7.78632e+02
7.77408e+02
7.72671e+02
7.79187e+02
7.83114e+02
7.74768e+02
7.76103e+02
7.80215e+02
7.82965e+02
7.75296e+02
7.80357e+02
7.79163e+02
7.79746e+02
7.74429e+02
7.81882e+02
7.75214e+02
7.75751e+02
7.76718e+02
7.78380e+02
7.78220e+02
7.82419e+02
7.80073e+02
7.82786e+02
7.80625e+02
7.79077e+02
7.74867e+02
7.81654e+02
7.81745e+02
7.77800e+02
7.76794e+02
7.76621e+02
7.77029e+02
7.81404e+02
7.79041e+02
7.78652e+02
7.73657e+02
7.80954e+02
7.82007e+02
7.73612e+02
7.84225e+02
7.80496e+02
7.78352e+02
7.76537e+02
7.84563e+02
7.83239e+02
7.80229e+02
7.75535e+02
7.76151e+02
7.73713e+02
7.79470e+02
7.82510e+02
7.80638e+02
7.74921e+02
7.79561e+02
5.48380e+03
5.47413e+03
5.48717e+03
5.48331e+03
5.48925e+03
5.48736e+03
5.46632e+03
5.47852e+03
5.50352e+03
5.48320e+03
5.48534e+03
5.47969e+03
5.47412e+03
5.47932e+03
5.48989e+03
5.47834e+03
5.48652e+03
5.48331e+03
5.48507e+03
5.47833e+03
5.48230e+03
5.47856e+03
5.49701e+03
5.47113e+03
5.50255e+03
5.46436e+03
5.47265e+03
5.48990e+03
5.47549e+03
5.48231e+03
5.48288e+03
5.46685e+03
5.49223e+03
5.48479e+03
5.49508e+03
5.48503e+03
5.49134e+03
5.48162e+03
5.47145e+03
5.48161e+03
5.49030e+03
5.47593e+03
5.47896e+03
5.46488e+03
5.48779e+03
5.49393e+03
5.48253e+03
5.47140e+03
5.48284e+03
5.47664e+03
5.48589e+03
5.48005e+03
5.48725e+03
5.48733e+03
5.48445e+03
5.49594e+03
5.47882e+03
5.48139e+03
5.49376e+03
5.47874e+03
2.60876e+03
2.60093e+03
2.60455e+03
2.62434e+03
2.60675e+03
2.60649e+03
2.60399e+03
2.60620e+03
2.61479e+03
2.61092e+03
2.60315e+03
2.62157e+03
2.60595e+03
2.60650e+03
2.61132e+03
2.60959e+03
2.61774e+03
2.61311e+03
2.60680e+03
2.59850e+03
2.60816e+03
2.60852e+03
2.62322e+03
2.60555e+03
2.60403e+03
2.60777e+03
2.60857e+03
2.60485e+03
2.60949e+03
2.60968e+03
2.60982e+03
2.60242e+03
2.61491e+03
2.60581e+03
2.60998e+03
2.60003e+03
2.61056e+03
2.60694e+03
2.60830e+03
2.60977e+03
2.61231e+03
2.60340e+03
2.61465e+03
2.61036e+03
2.60649e+03
2.61537e+03
2.61201e+03
2.61082e+03
2.60759e+03
2.60821e+03
2.61251e+03
2.60679e+03
2.60936e+03
2.61300e+03
2.60898e+03
2.60997e+03
2.61333e+03
2.61268e+03
2.61635e+03
2.61488e+03
7.19235e+03
7.19242e+03
7.21861e+03
7.18729e+03
7.17221e+03
7.17549e+03
7.18626e+03
7.19668e+03
7.19632e+03
7.17582e+03
7.20453e+03
7.17564e+03
7.21244e+03
7.20243e+03
7.19906e+03
7.19961e+03
7.17472e+03
7.21088e+03
7.19042e+03
7.18263e+03
7.19362e+03
7.21858e+03
7.19100e+03
7.20638e+03
7.20435e+03
7.18727e+03
7.17062e+03
7.22552e+03
7.17759e+03
7.18982e+03
7.20703e+03
7.20061e+03
7.20079e+03
7.20198e+03
7.20822e+03
7.20487e+03
7.19536e+03
7.22185e+03
7.19675e+03
7.18381e+03
7.21380e+03
7.20642e+03
7.19481e+03
7.19656e+03
7.19904e+03
7.20217e+03
7.19019e+03
7.22822e+03
7.19115e+03
7.18890e+03
7.20828e+03
7.19501e+03
7.19511e+03
7.20521e+03
7.17802e+03
7.17149e+03
7.20464e+03
7.18900e+03
7.18998e+03
7.22324e+03
