1.96416e+01
1.92819e+01
2.04571e+01
1.75529e+01
1.76948e+01
2.27850e+01
2.05116e+01
2.10401e+01
1.83869e+01
1.82046e+01
2.21026e+01
2.21730e+01
1.77296e+01
2.60512e+01
1.94692e+01
2.23155e+01
1.41600e+01
1.69695e+01
2.02422e+01
2.31322e+01
1.89749e+01
1.81650e+01
2.04952e+01
2.40796e+01
2.12162e+01
2.06148e+01
1.88256e+01
2.09413e+01
2.27488e+01
2.00083e+01
2.04491e+01
2.40067e+01
2.13356e+01
2.04788e+01
1.57878e+01
2.18026e+01
2.05193e+01
1.98860e+01
2.07566e+01
1.69032e+01
2.10008e+01
1.79664e+01
1.97532e+01
1.71503e+01
2.34163e+01
2.25411e+01
1.82883e+01
1.86217e+01
1.78766e+01
1.95607e+01
1.60404e+01
2.28237e+01
1.87660e+01
1.88629e+01
2.10249e+01
2.01889e+01
2.22131e+01
2.03134e+01
2.15721e+01
2.19406e+01
