-9.07971e+01
-9.34684e+01
-9.13658e+01
-9.84866e+01
-9.56077e+01
-9.29976e+01
-8.78596e+01
-8.75485e+01
-9.77645e+01
-9.09216e+01
-8.88813e+01
-9.29068e+01
-9.35137e+01
-9.64351e+01
-8.38889e+01
-9.37034e+01
-9.58094e+01
-9.09552e+01
-9.49133e+01
-8.85339e+01
-8.60806e+01
-8.57374e+01
-8.74264e+01
-8.48695e+01
-9.33685e+01
-9.08529e+01
-9.01746e+01
-8.77739e+01
-8.89510e+01
-8.48899e+01
-1.01303e+02
-9.37217e+01
-8.80927e+01
-8.65434e+01
-8.53683e+01
-9.14494e+01
-8.78319e+01
-9.54236e+01
-9.19399e+01
-9.09254e+01
-8.55547e+01
-9.03970e+01
-8.59941e+01
-9.23233e+01
-8.71877e+01
-8.52158e+01
-9.21132e+01
-9.69394e+01
-9.08480e+01
-9.48051e+01
-9.20121e+01
-9.23586e+01
-8.66519e+01
-9.68343e+01
-8.92749e+01
-9.30927e+01
-9.47369e+01
-8.44615e+01
-9.82575e+01
-9.46106e+01
-2.81197e+01
-3.29638e+01
-2.96363e+01
-3.44778e+01
-3.26823e+01
-3.26393e+01
-2.87103e+01
-2.40979e+01
-3.21625e+01
-3.07338e+01
-3.85098e+01
-2.86844e+01
-3.04807e+01
-2.89018e+01
-3.50800e+01
-3.23779e+01
-3.66388e+01
-3.50787e+01
-3.41343e+01
-3.36052e+01
-3.35381e+01
-3.08131e+01
-3.81378e+01
-3.18956e+01
-2.98959e+01
-4.14752e+01
-3.32980e+01
-3.57136e+01
-3.65384e+01
-3.47166e+01
-3.06822e+01
-3.68805e+01
-3.30857e+01
-2.81770e+01
-2.44365e+01
-2.98252e+01
-3.45476e+01
-3.34440e+01
-2.55089e+01
-2.74951e+01
-3.61775e+01
-2.50373e+01
-3.50713e+01
-3.35028e+01
-3.10555e+01
-3.11330e+01
-3.66326e+01
-3.24072e+01
-3.46515e+01
-3.94968e+01
-3.83093e+01
-4.03373e+01
-3.61568e+01
-3.41367e+01
-3.52454e+01
-3.33375e+01
-3.62137e+01
-3.09323e+01
-3.60868e+01
-2.88666e+01
-8.00827e+00
-4.50229e+00
-1.18784e+01
-1.23629e+01
-7.37733e+00
-1.28683e+01
-1.06973e+01
-1.29411e+01
-6.41026e+00
-1.00892e+01
-1.16150e+01
-1.04405e+01
-7.50327e+00
-5.32855e+00
-1.09857e+01
-1.04059e+01
-1.00289e+01
-1.44203e+01
-8.30989e+00
-9.57373e+00
-1.38431e+00
-1.35962e+01
-1.03084e+01
-1.08016e+01
-1.01934e+01
-1.01967e+01
-1.35084e+01
-1.08156e+01
-1.33759e+01
-6.15273e+00
-6.23292e+00
-1.27801e+01
-1.07296e+01
-1.51344e+01
-1.15069e+01
-6.50300e+00
-8.01399e+00
-2.06547e+00
-1.18236e+01
-8.25976e+00
-7.84052e+00
-7.39150e+00
-9.87226e+00
-9.82353e+00
-6.02692e+00
-1.28148e+01
-5.96445e+00
-3.29691e+00
-9.18277e+00
-9.52162e+00
-6.87247e+00
-9.35540e+00
-9.03140e+00
-8.65475e+00
-8.98802e+00
-1.12208e+01
-9.08205e+00
-1.44767e+01
-9.36518e+00
-7.21711e+00
6.68599e+00
9.21526e+00
6.89591e+00
8.09000e+00
8.62386e+00
8.85301e+00
6.49689e+00
7.86487e+00
6.62972e+00
8.18529e+00
6.41741e+00
1.04781e+01
5.89334e+00
7.57108e+00
1.01251e+01
4.25243e+00
9.44511e+00
5.71779e+00
8.14603e+00
5.35224e+00
1.02076e+01
8.05469e+00
6.66956e+00
1.11863e+01
3.43255e+00
6.23389e+00
7.12711e+00
9.90094e+00
4.27150e+00
8.93752e+00
6.46582e+00
9.62829e+00
7.88155e+00
1.04274e+01
9.15636e+00
3.92154e+00
9.31543e+00
8.60787e+00
9.11884e+00
6.13948e+00
1.19877e+01
7.88218e+00
4.58045e+00
7.46503e+00
7.43343e+00
4.57078e+00
9.59246e+00
1.29760e+01
9.43723e+00
7.50438e+00
1.05922e+01
6.75295e+00
9.00735e+00
9.72629e+00
7.81867e+00
2.93298e+00
6.62821e+00
8.93100e+00
7.55480e+00
5.84545e+00
1.54963e+01
1.79786e+01
1.58781e+01
1.95292e+01
1.81854e+01
1.89231e+01
1.73664e+01
1.65063e+01
2.03045e+01
1.54958e+01
1.64561e+01
1.90157e+01
1.68471e+01
1.83026e+01
1.67790e+01
1.76350e+01
1.65680e+01
2.19236e+01
1.55293e+01
1.76475e+01
1.61007e+01
1.57400e+01
1.70996e+01
1.76147e+01
1.52843e+01
2.14848e+01
1.71515e+01
1.83896e+01
1.75436e+01
1.91013e+01
1.43771e+01
1.78811e+01
1.84622e+01
1.77202e+01
1.92032e+01
1.90739e+01
2.05133e+01
1.93508e+01
1.71573e+01
1.71067e+01
1.75541e+01
1.98811e+01
1.71559e+01
1.18834e+01
1.83865e+01
1.77134e+01
1.78597e+01
2.11754e+01
1.61890e+01
2.03266e+01
1.95875e+01
1.82444e+01
1.73084e+01
1.21247e+01
1.72932e+01
1.72683e+01
1.46782e+01
1.76639e+01
1.86879e+01
1.68534e+01
