2.29305e+02
2.28736e+02
2.28626e+02
2.26883e+02
2.30341e+02
2.28744e+02
2.34479e+02
2.26408e+02
2.26455e+02
2.25624e+02
2.32463e+02
2.27633e+02
2.35707e+02
2.28851e+02
2.30159e+02
2.30402e+02
2.28712e+02
2.25063e+02
2.29556e+02
2.30794e+02
2.27283e+02
2.26625e+02
2.28817e+02
2.32360e+02
2.34070e+02
2.28271e+02
2.27961e+02
2.27796e+02
2.35206e+02
2.27922e+02
2.26230e+02
2.30814e+02
2.29147e+02
2.27378e+02
2.26720e+02
2.32737e+02
2.29072e+02
2.25320e+02
2.28159e+02
2.26031e+02
2.34288e+02
2.30975e+02
2.26993e+02
2.32015e+02
2.33319e+02
2.32199e+02
2.33437e+02
2.29687e+02
2.28538e+02
2.26425e+02
2.29496e+02
2.30046e+02
2.27905e+02
2.30937e+02
2.26716e+02
2.29618e+02
2.32923e+02
2.30964e+02
2.24922e+02
2.28701e+02
1.33697e+02
1.32503e+02
1.30748e+02
1.31105e+02
1.32346e+02
1.32448e+02
1.31545e+02
1.31207e+02
1.33247e+02
1.30243e+02
1.33391e+02
1.30600e+02
1.32347e+02
1.31685e+02
1.31736e+02
1.31591e+02
1.33968e+02
1.31142e+02
1.30560e+02
1.33778e+02
1.30128e+02
1.31643e+02
1.30220e+02
1.34442e+02
1.33615e+02
1.33771e+02
1.29745e+02
1.29915e+02
1.34739e+02
1.34709e+02
1.35299e+02
1.31690e+02
1.30257e+02
1.34105e+02
1.31716e+02
1.33070e+02
1.29741e+02
1.33356e+02
1.32370e+02
1.31821e+02
1.31434e+02
1.32975e+02
1.30853e+02
1.31630e+02
1.29545e+02
1.32632e+02
1.30109e+02
1.33910e+02
1.35500e+02
1.33940e+02
1.31378e+02
1.31699e+02
1.30184e+02
1.32811e+02
1.30926e+02
1.31835e+02
1.32605e+02
1.28377e+02
1.29455e+02
1.32805e+02
7.45417e+01
7.41037e+01
7.49789e+01
7.86990e+01
7.75079e+01
7.76805e+01
7.84862e+01
7.72521e+01
7.43240e+01
7.64568e+01
7.60126e+01
7.92796e+01
7.69768e+01
7.52156e+01
7.61255e+01
7.64363e+01
7.54863e+01
7.27487e+01
7.73492e+01
7.51545e+01
7.63068e+01
7.58381e+01
7.39041e+01
7.62208e+01
7.88551e+01
7.75716e+01
7.50015e+01
7.78879e+01
7.95984e+01
7.59755e+01
7.45919e+01
7.68738e+01
7.74038e+01
7.44780e+01
7.64078e+01
7.46573e+01
7.40404e+01
7.80973e+01
7.84519e+01
7.52543e+01
7.55556e+01
7.88279e+01
7.62277e+01
7.57184e+01
7.86639e+01
7.37673e+01
7.59794e+01
7.79582e+01
7.69896e+01
7.58076e+01
7.82420e+01
7.50148e+01
7.39963e+01
7.62076e+01
7.69198e+01
7.48614e+01
7.86465e+01
7.66441e+01
7.70948e+01
7.71505e+01
3.79041e+01
3.90942e+01
3.79042e+01
3.95470e+01
3.77103e+01
3.83050e+01
4.02938e+01
3.80948e+01
3.71050e+01
3.82587e+01
3.89118e+01
3.89424e+01
3.82289e+01
4.01131e+01
3.91208e+01
3.83935e+01
3.84494e+01
3.90933e+01
3.96002e+01
3.67392e+01
3.65271e+01
3.95935e+01
4.03082e+01
3.67716e+01
3.91945e+01
3.99105e+01
3.72721e+01
3.99958e+01
3.84262e+01
3.83030e+01
3.69106e+01
3.71307e+01
3.90159e+01
3.66872e+01
3.88931e+01
3.76866e+01
3.89276e+01
3.98315e+01
3.87775e+01
3.65571e+01
3.73035e+01
3.80796e+01
3.99634e+01
3.81059e+01
3.90302e+01
3.91958e+01
3.67762e+01
3.88862e+01
3.87885e+01
3.98833e+01
3.86482e+01
3.75244e+01
3.99326e+01
3.76686e+01
3.82733e+01
3.93697e+01
3.94779e+01
4.07663e+01
3.88644e+01
4.02534e+01
1.54721e+01
1.30959e+01
1.42097e+01
1.57401e+01
1.28820e+01
1.22859e+01
1.30363e+01
1.25838e+01
1.32697e+01
1.40403e+01
1.41087e+01
1.45673e+01
1.43933e+01
1.57472e+01
1.38745e+01
1.51253e+01
1.37140e+01
1.39027e+01
1.67674e+01
1.41879e+01
1.35589e+01
1.46814e+01
1.47509e+01
1.46351e+01
1.37475e+01
1.38428e+01
1.39861e+01
1.52342e+01
1.48346e+01
1.38800e+01
1.42638e+01
1.36654e+01
1.40446e+01
1.53429e+01
1.42093e+01
1.36208e+01
1.33780e+01
1.54407e+01
1.55652e+01
1.23680e+01
1.52290e+01
1.45511e+01
1.53139e+01
1.50848e+01
1.48433e+01
1.35719e+01
1.46863e+01
1.41010e+01
1.39342e+01
1.39986e+01
1.21007e+01
1.51976e+01
1.32471e+01
1.49953e+01
1.52149e+01
1.39768e+01
1.53730e+01
1.46454e+01
1.35427e+01
1.43082e+01
