8.80763e+03
8.82979e+03
8.80818e+03
8.82725e+03
8.81226e+03
8.78245e+03
8.81229e+03
8.80244e+03
8.80670e+03
8.78543e+03
8.80705e+03
8.78865e+03
8.79820e+03
8.80929e+03
8.81206e+03
8.79974e+03
8.78403e+03
8.80870e+03
8.78669e+03
8.81902e+03
8.80722e+03
8.82473e+03
8.81694e+03
8.82453e+03
8.83135e+03
8.80779e+03
8.83451e+03
8.81221e+03
8.78172e+03
8.81768e+03
8.79146e+03
8.79870e+03
8.82148e+03
8.82011e+03
8.80949e+03
8.81098e+03
8.83850e+03
8.81458e+03
8.80927e+03
8.79167e+03
8.80614e+03
8.81085e+03
8.78228e+03
8.82732e+03
8.81507e+03
8.82730e+03
8.79527e+03
8.80347e+03
8.81324e+03
8.82540e+03
8.80874e+03
8.82714e+03
8.82238e+03
8.80679e+03
8.82796e+03
8.83551e+03
8.80836e+03
8.81478e+03
8.81836e+03
8.82707e+03
