-4.60371e+03
-4.53421e+03
-4.62209e+03
-4.54377e+03
-4.57064e+03
-4.61006e+03
-4.56668e+03
-4.58780e+03
-4.50154e+03
-4.59387e+03
-4.61227e+03
-4.63660e+03
-4.58557e+03
-4.52844e+03
-4.60829e+03
-4.58835e+03
-4.59802e+03
-4.55229e+03
-4.56470e+03
-4.61359e+03
-4.58136e+03
-4.58830e+03
-4.49074e+03
-4.64506e+03
-4.56271e+03
-4.57905e+03
-4.64114e+03
-4.61775e+03
-4.58818e+03
-4.59974e+03
-4.54460e+03
-4.60160e+03
-4.59090e+03
-4.51779e+03
-4.57492e+03
-4.54989e+03
-4.62471e+03
-4.47763e+03
-4.67333e+03
-4.59614e+03
-4.54042e+03
-4.61936e+03
-4.51749e+03
-4.66783e+03
-4.60228e+03
-4.62303e+03
-4.47755e+03
-4.60715e+03
-4.63805e+03
-4.69588e+03
-4.54789e+03
-4.63462e+03
-4.65932e+03
-4.49644e+03
-4.60989e+03
-4.66678e+03
-4.54170e+03
-4.66939e+03
-4.57019e+03
-4.49854e+03
-3.85025e+03
-3.92061e+03
-3.98188e+03
-3.89800e+03
-3.81582e+03
-3.84376e+03
-3.84865e+03
-3.95974e+03
-3.96483e+03
-3.85331e+03
-3.90492e+03
-3.91569e+03
-3.90997e+03
-3.81196e+03
-3.85853e+03
-3.74264e+03
-3.88646e+03
-3.80040e+03
-3.82630e+03
-3.90026e+03
-3.83408e+03
-3.88263e+03
-3.84048e+03
-3.79884e+03
-3.81294e+03
-3.89699e+03
-3.92691e+03
-3.95939e+03
-3.85049e+03
-3.83288e+03
-3.92439e+03
-3.92848e+03
-3.83501e+03
-3.75384e+03
-3.84087e+03
-3.82567e+03
-3.78734e+03
-3.91105e+03
-3.84681e+03
-3.88055e+03
-3.78266e+03
-3.85124e+03
-3.83994e+03
-3.87283e+03
-3.87071e+03
-3.92111e+03
-3.86394e+03
-3.86528e+03
-3.92655e+03
-3.82710e+03
-3.89643e+03
-3.80389e+03
-3.79892e+03
-3.82955e+03
-3.86633e+03
-3.79889e+03
-3.87882e+03
-3.90076e+03
-3.95791e+03
-3.91281e+03
-3.14062e+03
-3.07578e+03
-3.22374e+03
-3.17062e+03
-3.23604e+03
-3.11758e+03
-3.19192e+03
-3.26881e+03
-3.23385e+03
-3.13735e+03
-3.13635e+03
-3.16741e+03
-3.22649e+03
-3.20677e+03
-3.18957e+03
-3.20665e+03
-3.15597e+03
-3.23325e+03
-3.18349e+03
-3.15526e+03
-3.22603e+03
-3.31730e+03
-3.10308e+03
-3.21841e+03
-3.21719e+03
-3.28069e+03
-3.14457e+03
-3.33228e+03
-3.14626e+03
-3.32714e+03
-3.13323e+03
-3.21547e+03
-3.23701e+03
-3.09399e+03
-3.18937e+03
-3.25699e+03
-3.12312e+03
-3.19465e+03
-3.23260e+03
-3.19175e+03
-3.15277e+03
-3.38722e+03
-3.17324e+03
-3.22641e+03
-3.19332e+03
-3.20972e+03
-3.20043e+03
-3.29081e+03
-3.15187e+03
-3.15276e+03
-3.26135e+03
-3.20335e+03
-3.15535e+03
-3.26019e+03
-3.16372e+03
-3.15351e+03
-3.12183e+03
-3.24193e+03
-3.14995e+03
-3.22232e+03
-2.55190e+03
-2.51381e+03
-2.59285e+03
-2.38733e+03
-2.61677e+03
-2.58284e+03
-2.60325e+03
-2.61707e+03
-2.61799e+03
-2.52689e+03
-2.63488e+03
-2.52988e+03
-2.53631e+03
-2.65852e+03
-2.47878e+03
-2.66616e+03
-2.47829e+03
-2.60365e+03
-2.67236e+03
-2.52401e+03
-2.48156e+03
-2.60960e+03
-2.48654e+03
-2.54812e+03
-2.67351e+03
-2.55040e+03
-2.60666e+03
-2.58479e+03
-2.57842e+03
-2.61942e+03
-2.60088e+03
-2.66107e+03
-2.70463e+03
-2.50860e+03
-2.65447e+03
-2.66328e+03
-2.64462e+03
-2.65685e+03
-2.53913e+03
-2.68633e+03
-2.40856e+03
-2.57490e+03
-2.58749e+03
-2.54385e+03
-2.45734e+03
-2.49314e+03
-2.52840e+03
-2.50073e+03
-2.71266e+03
-2.54810e+03
-2.59411e+03
-2.57336e+03
-2.46051e+03
-2.50680e+03
-2.67987e+03
-2.52131e+03
-2.70809e+03
-2.41408e+03
-2.53337e+03
-2.59633e+03
-2.05621e+03
-2.07301e+03
-2.08356e+03
-2.03678e+03
-2.05475e+03
-2.04197e+03
-2.02555e+03
-2.02730e+03
-2.04329e+03
-2.12601e+03
-2.00848e+03
-1.94733e+03
-2.13068e+03
-2.00674e+03
-2.07369e+03
-2.13140e+03
-2.07722e+03
-2.03836e+03
-2.07563e+03
-1.96594e+03
-1.87595e+03
-1.98896e+03
-1.95729e+03
-1.83858e+03
-2.10881e+03
-1.95450e+03
-2.02155e+03
-2.16948e+03
-2.09997e+03
-2.11758e+03
-1.97624e+03
-2.09836e+03
-2.01231e+03
-1.75600e+03
-2.01910e+03
-2.01501e+03
-2.11641e+03
-2.14772e+03
-2.00018e+03
-2.17357e+03
-2.01831e+03
-1.90538e+03
-1.82335e+03
-1.97395e+03
-1.95292e+03
-1.90746e+03
-2.04121e+03
-1.98327e+03
-2.04766e+03
-1.91565e+03
-1.95571e+03
-2.01767e+03
-2.02566e+03
-2.03461e+03
-1.98316e+03
-1.90261e+03
-2.06020e+03
-2.07390e+03
-2.07979e+03
-1.87642e+03
