4.75886e+00
4.75801e+00
4.75876e+00
4.75878e+00
4.76140e+00
4.75774e+00
4.75869e+00
4.75912e+00
4.75881e+00
4.75787e+00
4.75924e+00
4.75669e+00
4.75745e+00
4.75832e+00
4.75829e+00
4.75917e+00
4.75871e+00
4.75876e+00
4.75823e+00
4.75770e+00
4.75750e+00
4.75858e+00
4.75845e+00
4.75838e+00
4.75811e+00
4.75893e+00
4.75692e+00
4.75658e+00
4.75870e+00
4.75970e+00
4.75804e+00
4.75739e+00
4.76039e+00
4.75894e+00
4.75914e+00
4.75886e+00
4.75931e+00
4.75848e+00
4.75651e+00
4.75702e+00
4.75890e+00
4.75778e+00
4.75817e+00
4.75874e+00
4.75964e+00
4.75948e+00
4.75843e+00
4.75989e+00
4.75868e+00
4.75851e+00
4.75979e+00
4.75723e+00
4.75848e+00
4.75929e+00
4.75833e+00
4.75601e+00
4.75854e+00
4.75959e+00
4.75714e+00
4.75835e+00
4.52669e+00
4.52790e+00
4.52676e+00
4.52736e+00
4.52728e+00
4.52758e+00
4.52792e+00
4.52738e+00
4.52770e+00
4.52753e+00
4.52735e+00
4.52706e+00
4.52716e+00
4.52758e+00
4.52782e+00
4.52761e+00
4.52760e+00
4.52741e+00
4.52730e+00
4.52804e+00
4.52759e+00
4.52748e+00
4.52782e+00
4.52761e+00
4.52736e+00
4.52729e+00
4.52793e+00
4.52775e+00
4.52760e+00
4.52807e+00
4.52734e+00
4.52743e+00
4.52747e+00
4.52731e+00
4.52727e+00
4.52770e+00
4.52772e+00
4.52723e+00
4.52708e+00
4.52749e+00
4.52713e+00
4.52705e+00
4.52700e+00
4.52724e+00
4.52793e+00
4.52800e+00
4.52728e+00
4.52704e+00
4.52766e+00
4.52766e+00
4.52810e+00
4.52749e+00
4.52734e+00
4.52701e+00
4.52763e+00
4.52736e+00
4.52715e+00
4.52761e+00
4.52732e+00
4.52735e+00
4.40565e+00
4.40561e+00
4.40536e+00
4.40550e+00
4.40537e+00
4.40535e+00
4.40560e+00
4.40556e+00
4.40575e+00
4.40530e+00
4.40535e+00
4.40544e+00
4.40506e+00
4.40538e+00
4.40552e+00
4.40539e+00
4.40566e+00
4.40545e+00
4.40577e+00
4.40532e+00
4.40548e+00
4.40553e+00
4.40550e+00
4.40548e+00
4.40585e+00
4.40507e+00
4.40541e+00
4.40561e+00
4.40521e+00
4.40573e+00
4.40547e+00
4.40565e+00
4.40568e+00
4.40574e+00
4.40540e+00
4.40540e+00
4.40595e+00
4.40579e+00
4.40561e+00
4.40522e+00
4.40577e+00
4.40555e+00
4.40528e+00
4.40503e+00
4.40577e+00
4.40502e+00
4.40546e+00
4.40527e+00
4.40573e+00
4.40560e+00
4.40571e+00
4.40473e+00
4.40546e+00
4.40532e+00
4.40569e+00
4.40534e+00
4.40592e+00
4.40550e+00
4.40535e+00
4.40515e+00
4.34229e+00
4.34176e+00
4.34175e+00
4.34183e+00
4.34196e+00
4.34220e+00
4.34176e+00
4.34218e+00
4.34249e+00
4.34200e+00
4.34220e+00
4.34209e+00
4.34231e+00
4.34241e+00
4.34235e+00
4.34253e+00
4.34201e+00
4.34196e+00
4.34200e+00
4.34197e+00
4.34229e+00
4.34224e+00
4.34220e+00
4.34221e+00
4.34215e+00
4.34204e+00
4.34202e+00
4.34230e+00
4.34168e+00
4.34223e+00
4.34201e+00
4.34175e+00
4.34265e+00
4.34221e+00
4.34211e+00
4.34243e+00
4.34202e+00
4.34246e+00
4.34241e+00
4.34242e+00
4.34212e+00
4.34248e+00
4.34213e+00
4.34206e+00
4.34202e+00
4.34220e+00
4.34249e+00
4.34212e+00
4.34182e+00
4.34200e+00
4.34205e+00
4.34235e+00
4.34176e+00
4.34208e+00
4.34205e+00
4.34247e+00
4.34197e+00
4.34166e+00
4.34201e+00
4.34234e+00
4.29555e+00
4.29531e+00
4.29509e+00
4.29501e+00
4.29601e+00
4.29557e+00
4.29538e+00
4.29468e+00
4.29562e+00
4.29487e+00
4.29529e+00
4.29587e+00
4.29504e+00
4.29573e+00
4.29465e+00
4.29520e+00
4.29516e+00
4.29498e+00
4.29532e+00
4.29508e+00
4.29532e+00
4.29534e+00
4.29545e+00
4.29557e+00
4.29581e+00
4.29574e+00
4.29519e+00
4.29550e+00
4.29562e+00
4.29543e+00
4.29529e+00
4.29566e+00
4.29562e+00
4.29486e+00
4.29543e+00
4.29510e+00
4.29546e+00
4.29495e+00
4.29459e+00
4.29523e+00
4.29558e+00
4.29557e+00
4.29472e+00
4.29506e+00
4.29497e+00
4.29589e+00
4.29527e+00
4.29558e+00
4.29537e+00
4.29556e+00
4.29495e+00
4.29554e+00
4.29530e+00
4.29539e+00
4.29596e+00
4.29473e+00
4.29519e+00
4.29546e+00
4.29538e+00
4.29573e+00
