-1.78098e+01
-9.27570e+00
-1.94018e+01
-2.15423e+01
-3.01470e+01
-1.62173e+01
-1.61265e+01
-1.14926e+01
-1.54742e+01
-1.53340e+01
-1.35916e+01
-5.25236e+00
-1.18967e+01
-2.15354e+01
-2.33588e+01
-2.67607e+01
-2.07485e+01
-2.33299e+01
-1.23974e+01
-1.29355e+01
-1.26302e+01
-1.94225e+01
-1.74238e+01
-1.62966e+01
-1.39253e+01
-2.51099e+01
-1.30345e+01
-1.67610e+01
-1.73578e+01
-1.74246e+01
-1.29437e+01
-1.21437e+01
-2.24849e+01
-2.03820e+01
-2.46527e+01
-2.02961e+01
-2.59021e+01
-2.25242e+01
-1.07679e+01
-1.02817e+01
-1.56116e+01
-1.51690e+01
-7.68800e+00
-1.73372e+01
-2.15176e+01
-1.79033e+01
-1.67094e+01
-1.95092e+01
-2.10811e+01
-1.98351e+01
-2.26301e+01
-1.12579e+01
-2.03800e+01
-2.41649e+01
-1.38584e+01
-1.05223e+01
-2.20329e+01
-2.40815e+01
-5.58653e+00
-1.67050e+01

2.08698e+03
2.06900e+03
2.08220e+03
2.06714e+03
2.08007e+03
2.06144e+03
2.05416e+03
2.06873e+03
2.05704e+03
2.06833e+03
2.07465e+03
2.07545e+03
2.07571e+03
2.07735e+03
2.06537e+03
2.06883e+03
2.07247e+03
2.07889e+03
2.07035e+03
2.05970e+03
2.06892e+03
2.07267e+03
2.06362e+03
2.06634e+03
2.07102e+03
2.06945e+03
2.05905e+03
2.06544e+03
2.06628e+03
2.05910e+03
2.07407e+03
2.07342e+03
2.07297e+03
2.07383e+03
2.06709e+03
2.07351e+03
2.06450e+03
2.06964e+03
2.06841e+03
2.06778e+03
2.07394e+03
2.07317e+03
2.07287e+03
2.07339e+03
2.06120e+03
2.06060e+03
2.07361e+03
2.07713e+03
2.06412e+03
2.06053e+03
2.05744e+03
2.06586e+03
2.06926e+03
2.07533e+03
2.06609e+03
2.07451e+03
2.07166e+03
2.07259e+03
2.07376e+03
2.07127e+03
4.99382e+03
5.00168e+03
4.99682e+03
4.99964e+03
5.00530e+03
5.00591e+03
4.98879e+03
4.98889e+03
4.98669e+03
5.00513e+03
5.00247e+03
5.00236e+03
5.00897e+03
4.99114e+03
4.99726e+03
5.00074e+03
4.99374e+03
4.99728e+03
4.99544e+03
4.99283e+03
5.00211e+03
4.99943e+03
5.00060e+03
4.99534e+03
4.99338e+03
5.00956e+03
5.00140e+03
4.98010e+03
5.00776e+03
4.99062e+03
5.00131e+03
4.99879e+03
4.98400e+03
4.99270e+03
5.00841e+03
4.99298e+03
4.97903e+03
4.98974e+03
4.99567e+03
5.00277e+03
4.98385e+03
4.98737e+03
5.00805e+03
5.01099e+03
4.98466e+03
5.01919e+03
4.99501e+03
5.00950e+03
4.99581e+03
4.99613e+03
4.98656e+03
5.02161e+03
4.99998e+03
4.99692e+03
4.98874e+03
4.99380e+03
4.97945e+03
4.98829e+03
4.99666e+03
5.01261e+03
7.49946e+03
7.53190e+03
7.52228e+03
7.51713e+03
7.51160e+03
7.51012e+03
7.52593e+03
7.50012e+03
7.48548e+03
7.51520e+03
7.50082e+03
7.50247e+03
7.50776e+03
7.49099e+03
7.49559e+03
7.48812e+03
7.51614e+03
7.52175e+03
7.50330e+03
7.50127e+03
7.49744e+03
7.50211e+03
7.50605e+03
7.50652e+03
7.50628e+03
7.51241e+03
7.51342e+03
7.49947e+03
7.52616e+03
7.49830e+03
7.50218e+03
7.52646e+03
7.48033e+03
7.50159e+03
7.50133e+03
7.50181e+03
7.50327e+03
7.48828e+03
7.48217e+03
7.49095e+03
7.50964e+03
7.48832e+03
7.51101e+03
7.50454e+03
7.51102e+03
7.50317e+03
7.49312e+03
7.50535e+03
7.51642e+03
7.51223e+03
7.50563e+03
7.48811e+03
7.52734e+03
7.50253e+03
7.50776e+03
7.49198e+03
7.51377e+03
7.52582e+03
7.52151e+03
7.48636e+03
9.99216e+03
9.99790e+03
1.00245e+04
1.00192e+04
9.95092e+03
9.98210e+03
1.00010e+04
1.00394e+04
9.99295e+03
1.00335e+04
1.00163e+04
9.97266e+03
1.00104e+04
9.98440e+03
1.00406e+04
1.00148e+04
1.00024e+04
1.00267e+04
9.99529e+03
1.00135e+04
1.00049e+04
1.00129e+04
9.99558e+03
9.99361e+03
9.99170e+03
9.98927e+03
1.00219e+04
9.98814e+03
9.99667e+03
1.00003e+04
1.00073e+04
9.98085e+03
9.98171e+03
1.00377e+04
9.99403e+03
1.00239e+04
9.99109e+03
1.00358e+04
1.00569e+04
1.00059e+04
9.98729e+03
9.99418e+03
1.00429e+04
1.00191e+04
1.00366e+04
9.96327e+03
1.00086e+04
9.99162e+03
9.99805e+03
1.00039e+04
1.00300e+04
1.00070e+04
1.00057e+04
9.99017e+03
9.97029e+03
1.00538e+04
1.00119e+04
9.98740e+03
1.00057e+04
9.97542e+03
