-1.58329e+02
-1.74844e+02
-1.54998e+02
-1.87178e+02
-1.62998e+02
-1.51267e+02
-1.70770e+02
-1.76910e+02
-1.78872e+02
-1.68067e+02
-1.67692e+02
-1.64344e+02
-1.69889e+02
-1.62928e+02
-1.75785e+02
-1.76951e+02
-1.89821e+02
-1.72163e+02
-1.60479e+02
-1.62197e+02
-1.75897e+02
-1.71454e+02
-1.58050e+02
-1.79826e+02
-1.81862e+02
-1.64746e+02
-1.74027e+02
-1.69615e+02
-1.64540e+02
-1.55565e+02
-1.94108e+02
-1.58675e+02
-1.70278e+02
-1.51630e+02
-1.56905e+02
-1.91385e+02
-1.61040e+02
-1.75657e+02
-1.70389e+02
-1.43308e+02
-1.60335e+02
-1.74873e+02
-1.54658e+02
-1.65060e+02
-1.60997e+02
-1.64940e+02
-1.73871e+02
-1.69812e+02
-1.83164e+02
-1.70855e+02
-1.54084e+02
-1.58300e+02
-1.80675e+02
-1.74907e+02
-1.70030e+02
-1.64969e+02
-1.74952e+02
-1.58982e+02
-1.72407e+02
-1.69067e+02
-1.60851e+02
-1.49565e+02
-1.74667e+02
-1.60413e+02
-1.43073e+02
-1.51742e+02
-1.58478e+02
-1.62302e+02
-1.88273e+02
-1.81045e+02
-1.73721e+02
-1.55325e+02
-1.64112e+02
-1.70149e+02
-1.88229e+02
-1.56063e+02
-1.55038e+02
-1.71812e+02
-1.43481e+02
-1.68846e+02
-1.41310e+02
-1.52923e+02
-1.67449e+02
-1.55831e+02
-1.52381e+02
-1.57849e+02
-1.48223e+02
-1.54538e+02
-1.70887e+02
-1.63008e+02
-1.69321e+02
-1.57429e+02
-1.74957e+02
-1.61772e+02
-1.66481e+02
-1.49433e+02
-1.62956e+02
-1.81462e+02
-1.60839e+02
-1.78687e+02
-1.69981e+02
-1.53912e+02
-1.75704e+02
-1.65134e+02
-1.60975e+02
-1.48543e+02
-1.38768e+02
-1.72413e+02
-1.62505e+02
-1.59625e+02
-1.62331e+02
-1.78098e+02
-1.35334e+02
-1.56274e+02
-1.72576e+02
-1.65738e+02
-1.67771e+02
-1.64866e+02
-1.64599e+02
-1.64034e+02
-1.28690e+02
-1.54882e+02
-1.52214e+02
-1.43769e+02
-1.50116e+02
-1.42852e+02
-1.45591e+02
-1.48112e+02
-1.35908e+02
-1.39242e+02
-1.53257e+02
-1.43533e+02
-1.64912e+02
-1.31935e+02
-1.49024e+02
-1.38373e+02
-1.33769e+02
-1.44901e+02
-1.45050e+02
-1.32162e+02
-1.35521e+02
-1.62094e+02
-1.61315e+02
-1.46764e+02
-1.42531e+02
-1.54969e+02
-1.56480e+02
-1.36752e+02
-1.32592e+02
-1.32897e+02
-1.41788e+02
-1.49235e+02
-1.24426e+02
-1.30286e+02
-1.51311e+02
-1.47687e+02
-1.59456e+02
-1.33721e+02
-1.46304e+02
-1.36374e+02
-1.36927e+02
-1.34195e+02
-1.49554e+02
-1.48725e+02
-1.35984e+02
-1.55771e+02
-1.48154e+02
-1.35795e+02
-1.42462e+02
-1.36007e+02
-1.45958e+02
-1.44537e+02
-1.37466e+02
-1.30995e+02
-1.50661e+02
-1.40656e+02
-1.38819e+02
-1.54543e+02
-1.47535e+02
-1.50557e+02
-1.25832e+02
-1.25504e+02
-1.36299e+02
-1.34660e+02
-1.23233e+02
-1.19093e+02
-1.28447e+02
-1.17096e+02
-1.21008e+02
-1.24768e+02
-1.36019e+02
-1.14640e+02
-1.17523e+02
-1.24972e+02
-1.19324e+02
-1.26698e+02
-1.35449e+02
-1.32036e+02
-1.19277e+02
-1.16494e+02
-1.26305e+02
-1.32608e+02
-1.14254e+02
-1.08812e+02
-1.32800e+02
-1.32544e+02
-1.31819e+02
-1.30521e+02
-1.37781e+02
-1.26899e+02
-1.27785e+02
-1.12221e+02
-1.21073e+02
-1.32010e+02
-1.16049e+02
-1.21768e+02
-1.21233e+02
-1.28816e+02
-1.25785e+02
-1.19534e+02
-1.28388e+02
-1.37186e+02
-1.26415e+02
-1.22111e+02
-1.18938e+02
-1.22412e+02
-1.31943e+02
-1.16409e+02
-1.37751e+02
-1.26184e+02
-1.11987e+02
-1.37887e+02
-1.22305e+02
-1.33504e+02
-1.06073e+02
-1.15914e+02
-1.25515e+02
-1.40249e+02
-1.21114e+02
-1.17199e+02
-9.03876e+01
-8.79768e+01
-1.03328e+02
-1.01612e+02
-1.05087e+02
-9.89489e+01
-1.12814e+02
-1.02778e+02
-8.57015e+01
-9.58156e+01
-9.79731e+01
-9.16365e+01
-9.97020e+01
-9.89000e+01
-8.56671e+01
-9.53266e+01
-9.14196e+01
-1.00933e+02
-8.73278e+01
-7.98460e+01
-8.88554e+01
-1.03959e+02
-8.30751e+01
-9.45087e+01
-8.76301e+01
-9.73502e+01
-8.21065e+01
-9.60031e+01
-8.98045e+01
-9.47307e+01
-1.00477e+02
-9.19646e+01
-1.00154e+02
-1.04511e+02
-9.53649e+01
-9.47525e+01
-8.62518e+01
-1.03025e+02
-9.55501e+01
-8.89059e+01
-9.83550e+01
-1.08352e+02
-9.31460e+01
-8.80577e+01
-8.09795e+01
-9.68445e+01
-9.64004e+01
-9.96119e+01
-9.73708e+01
-1.00948e+02
-9.03676e+01
-8.51068e+01
-8.73706e+01
-9.34530e+01
-8.86542e+01
-9.72854e+01
-9.83652e+01
-8.62212e+01
-9.19810e+01
-9.37944e+01
