C0	C1	C2	C3	C4	C5
3.6079019945	12.1885569833	0.0	-16.2514093111	0.0	0.0	
3.61952283005	12.1536944767	0.0	-16.2049259689	0.0	0.0	
3.33087033749	13.0196519544	0.0	-17.3595359392	0.0	0.0	
3.66686898572	12.0116560097	0.0	-16.0155413463	0.0	0.0	
3.51109579748	12.4789755744	0.0	-16.6386340992	0.0	0.0	
3.9394163465	11.1940139274	0.0	-14.9253519031	0.0	0.0	
4.07152307523	10.7976937412	0.0	-14.3969249882	0.0	0.0	
3.52394332502	12.4404329918	0.0	-16.587243989	0.0	0.0	
3.70766765678	11.8892599965	0.0	-15.852346662	0.0	0.0	
3.79126687051	11.6384623553	0.0	-15.5179498071	0.0	0.0	
3.96234116375	11.1252394756	0.0	-14.8336526341	0.0	0.0	
4.13743266835	10.5999649618	0.0	-14.1332866157	0.0	0.0	
3.38214223211	12.8658362705	0.0	-17.1544483607	0.0	0.0	
3.99277789009	11.0339292966	0.0	-14.7119057288	0.0	0.0	
4.30256183188	10.1045774712	0.0	-13.4727699616	0.0	0.0	
4.20686823731	10.3916582549	0.0	-13.8555443399	0.0	0.0	
3.99731917898	11.0203054299	0.0	-14.6937405732	0.0	0.0	
3.43826849166	12.6974574919	0.0	-16.9299433225	0.0	0.0	
4.05880276809	10.8358546626	0.0	-14.4478062168	0.0	0.0	
3.32553086886	13.0356703603	0.0	-17.3808938137	0.0	0.0	
