2.83662932245	8.79083998448	1.85994465726	-16.4739977794	0.0	0.0	
2.4541525511	9.93827029854	1.85994465726	-18.0039048648	0.0	0.0	
3.03123443106	8.20702465865	1.85994465726	-15.6955773449	0.0	0.0	
1.50090682535	12.7980074758	1.85994465726	-21.8168877678	0.0	0.0	
1.57609567784	12.5724409183	1.85994465726	-21.5161323578	0.0	0.0	
2.79029049229	8.92985647496	1.85994465726	-16.6593531	0.0	0.0	
2.51417532939	9.75820196366	1.85994465726	-17.7638137516	0.0	0.0	
2.9768845131	8.37007441254	1.85994465726	-15.9129770168	0.0	0.0	
1.59183311498	12.5252286069	1.85994465726	-21.4531826093	0.0	0.0	
3.20449849885	7.68723245529	1.85994465726	-15.0025210738	0.0	0.0	
2.15517606133	10.8351997679	1.85994465726	-19.1998108239	0.0	0.0	
4.06599895534	5.10273108582	1.85994465726	-11.5565192478	0.0	0.0	
3.81528446734	5.85487454982	1.85994465726	-12.5593771998	0.0	0.0	
2.67351403389	9.28018585017	1.85994465726	-17.1264589336	0.0	0.0	
2.81143635083	8.86641889934	1.85994465726	-16.5747696659	0.0	0.0	
2.04062643869	11.1788486358	1.85994465726	-19.6580093144	0.0	0.0	
1.55116039587	12.6472467642	1.85994465726	-21.6158734857	0.0	0.0	
3.42434208713	7.02770169044	1.85994465726	-14.1231467207	0.0	0.0	
2.34002074935	10.2806657038	1.85994465726	-18.4604320718	0.0	0.0	
0.257477025859	16.5282968743	1.85994465726	-26.7906069658	0.0	0.0	
