4.78660455234	2.94091429482	1.85994465726	-8.67409685983	0.0	0.0	
1.45298965364	12.9417589909	1.85994465726	-22.0085564546	0.0	0.0	
2.65612001905	9.33236789468	1.85994465726	-17.196034993	0.0	0.0	
1.41766390813	13.0477362274	1.85994465726	-22.1498594367	0.0	0.0	
2.44025581056	9.97996052015	1.85994465726	-18.0594918269	0.0	0.0	
3.03851495305	8.18518309268	1.85994465726	-15.666455257	0.0	0.0	
4.02234700896	5.23368692495	1.85994465726	-11.7311270333	0.0	0.0	
3.06447659991	8.10729815211	1.85994465726	-15.5626086696	0.0	0.0	
2.25172682989	10.5455474622	1.85994465726	-18.8136077496	0.0	0.0	
3.61423477868	6.45802361581	1.85994465726	-13.3635759545	0.0	0.0	
3.19232811089	7.72374361918	1.85994465726	-15.0512026256	0.0	0.0	
1.97213297338	11.3843290317	1.85994465726	-19.9319831757	0.0	0.0	
2.54198643078	9.67476865951	1.85994465726	-17.6525693461	0.0	0.0	
2.78041335319	8.95948789226	1.85994465726	-16.6988616564	0.0	0.0	
3.12703406387	7.91962576024	1.85994465726	-15.3123788137	0.0	0.0	
2.58915373564	9.53326674492	1.85994465726	-17.4639001266	0.0	0.0	
3.1735492149	7.78008030713	1.85994465726	-15.1263182096	0.0	0.0	
3.6817703754	6.25541682563	1.85994465726	-13.0934335676	0.0	0.0	
2.96248273338	8.4132797517	1.85994465726	-15.9705841357	0.0	0.0	
2.3834610882	10.1503446873	1.85994465726	-18.2866707164	0.0	0.0	
