9.8492536435	12.4306162861	1.13392602752	-20.5099985985	0.0	0.0	
7.75563854249	18.7114615891	1.13392602752	-28.8844590026	0.0	0.0	
9.8003409715	12.5773543021	1.13392602752	-20.7056492866	0.0	0.0	
7.75106023615	18.7251965082	1.13392602752	-28.902772228	0.0	0.0	
7.81756014191	18.5256967909	1.13392602752	-28.6367726049	0.0	0.0	
8.03164979109	17.8834278434	1.13392602752	-27.7804140082	0.0	0.0	
7.42567463014	19.7013533262	1.13392602752	-30.204314652	0.0	0.0	
6.60819976795	22.1537779128	1.13392602752	-33.4742141008	0.0	0.0	
5.26237997091	26.1912373039	1.13392602752	-38.8574932889	0.0	0.0	
7.72307862314	18.8091413472	1.13392602752	-29.01469868	0.0	0.0	
9.23554284567	14.2717486796	1.13392602752	-22.9648417899	0.0	0.0	
2.92201412062	33.2123348548	1.13392602752	-48.2189566901	0.0	0.0	
8.00393600019	17.9665692161	1.13392602752	-27.8912691718	0.0	0.0	
6.57139741672	22.2641849665	1.13392602752	-33.6214235057	0.0	0.0	
6.00992586771	23.9485996135	1.13392602752	-35.8673097017	0.0	0.0	
7.3642433278	19.8856472332	1.13392602752	-30.4500398614	0.0	0.0	
7.99896665364	17.9814772557	1.13392602752	-27.911146558	0.0	0.0	
9.30062924205	14.0764894905	1.13392602752	-22.7044962044	0.0	0.0	
6.20156454127	23.3736835928	1.13392602752	-35.1007550075	0.0	0.0	
8.82205268786	15.512219153	1.13392602752	-24.6188024211	0.0	0.0	
