-1.18782e+02
-1.15325e+02
-1.10515e+02
-1.10742e+02
-1.12514e+02
-1.16747e+02
-1.18179e+02
-1.13650e+02
-1.17327e+02
-1.17528e+02
-1.11930e+02
-1.15096e+02
-1.13172e+02
-1.19960e+02
-1.16213e+02
-1.12251e+02
-1.16530e+02
-1.12652e+02
-1.15623e+02
-1.17576e+02
-1.09788e+02
-1.07572e+02
-1.19008e+02
-1.18226e+02
-1.10335e+02
-1.17633e+02
-1.17279e+02
-1.16861e+02
-1.18793e+02
-1.07846e+02
-1.09711e+02
-1.11089e+02
-1.16203e+02
-1.08881e+02
-1.16747e+02
-1.18435e+02
-1.13514e+02
-1.17307e+02
-1.08673e+02
-1.17104e+02
-1.16269e+02
-1.11450e+02
-1.17602e+02
-1.11192e+02
-1.20583e+02
-1.13345e+02
-1.19223e+02
-1.06432e+02
-1.14286e+02
-1.11229e+02
-1.18819e+02
-1.18197e+02
-1.10080e+02
-1.15723e+02
-1.11830e+02
-1.15063e+02
-1.17766e+02
-1.13621e+02
-1.12267e+02
-1.12301e+02
-7.81572e+01
-7.68509e+01
-7.64635e+01
-7.47014e+01
-7.75944e+01
-7.51723e+01
-8.10069e+01
-7.48028e+01
-7.77013e+01
-7.58873e+01
-7.86427e+01
-8.03401e+01
-7.72563e+01
-7.88484e+01
-7.96946e+01
-7.75981e+01
-7.36311e+01
-8.24376e+01
-7.89452e+01
-8.09227e+01
-7.89066e+01
-7.20891e+01
-7.93838e+01
-7.70303e+01
-7.95028e+01
-7.79313e+01
-7.94931e+01
-7.70520e+01
-8.04203e+01
-7.18401e+01
-8.02746e+01
-7.28678e+01
-7.90595e+01
-7.48902e+01
-7.69061e+01
-7.62874e+01
-7.98808e+01
-8.23786e+01
-7.65164e+01
-7.71771e+01
-8.16428e+01
-7.93591e+01
-8.15960e+01
-8.14515e+01
-7.45211e+01
-7.67464e+01
-7.92995e+01
-8.08722e+01
-7.59013e+01
-7.74203e+01
-7.71737e+01
-7.57592e+01
-7.43579e+01
-7.82227e+01
-7.75317e+01
-7.83318e+01
-7.92696e+01
-7.91665e+01
-7.70899e+01
-7.84061e+01
-4.82905e+01
-4.45205e+01
-4.52672e+01
-4.41435e+01
-4.11865e+01
-4.52655e+01
-4.35286e+01
-4.44954e+01
-3.94871e+01
-4.12268e+01
-4.44934e+01
-4.01812e+01
-4.50017e+01
-4.29982e+01
-4.53971e+01
-4.53234e+01
-4.87128e+01
-4.11535e+01
-4.42059e+01
-4.35342e+01
-4.48353e+01
-4.64486e+01
-4.52483e+01
-4.19602e+01
-4.45509e+01
-4.17465e+01
-4.46160e+01
-4.28088e+01
-4.30915e+01
-4.81775e+01
-4.65768e+01
-4.44518e+01
-4.40922e+01
-4.62676e+01
-4.62069e+01
-3.69937e+01
-4.39676e+01
-4.50080e+01
-4.48696e+01
-4.30239e+01
-4.78717e+01
-4.08353e+01
-4.40664e+01
-4.75717e+01
-4.56123e+01
-4.65219e+01
-4.94924e+01
-4.48741e+01
-4.40434e+01
-4.54060e+01
-4.53244e+01
-4.29254e+01
-4.76858e+01
-4.16534e+01
-4.56430e+01
-4.67621e+01
-4.68066e+01
-4.68084e+01
-4.19769e+01
-4.26146e+01
-2.00505e+01
-2.08083e+01
-2.12504e+01
-1.71528e+01
-1.79631e+01
-1.74017e+01
-2.09268e+01
-2.06520e+01
-1.81051e+01
-2.08152e+01
-1.61806e+01
-2.05314e+01
-1.70195e+01
-1.83514e+01
-1.85509e+01
-1.89097e+01
-1.92718e+01
-2.09015e+01
-1.73900e+01
-2.37309e+01
-1.85000e+01
-2.00309e+01
-1.96071e+01
-2.12719e+01
-2.04668e+01
-1.61569e+01
-1.94501e+01
-1.82859e+01
-2.04937e+01
-2.09300e+01
-2.05565e+01
-2.18171e+01
-1.98035e+01
-2.21513e+01
-2.14521e+01
-1.92914e+01
-2.25100e+01
-1.83422e+01
-1.85710e+01
-2.06475e+01
-2.26320e+01
-1.97844e+01
-2.13873e+01
-1.96341e+01
-1.87262e+01
-1.64318e+01
-2.28733e+01
-2.08659e+01
-2.06251e+01
-2.26292e+01
-2.10221e+01
-2.02807e+01
-1.98859e+01
-2.37789e+01
-1.91534e+01
-2.08637e+01
-2.01188e+01
-1.87236e+01
-2.00793e+01
-2.17204e+01
-6.04751e+00
-6.11984e+00
-6.04623e+00
-7.89795e+00
-8.29170e+00
-6.52431e+00
-7.56637e+00
-5.67705e+00
-6.04902e+00
-5.90744e+00
-7.82944e+00
-7.16259e+00
-4.88853e+00
-5.90466e+00
-6.76295e+00
-5.95151e+00
-7.95947e+00
-7.16443e+00
-7.89281e+00
-9.95099e+00
-5.61480e+00
-5.33622e+00
-4.15194e+00
-6.60317e+00
-6.07035e+00
-5.39374e+00
-7.06813e+00
-6.73453e+00
-1.00236e+01
-8.55673e+00
-5.43618e+00
-5.19142e+00
-7.07734e+00
-4.89970e+00
-6.23916e+00
-5.08117e+00
-6.73182e+00
-6.67929e+00
-7.14736e+00
-8.43428e+00
-1.03144e+01
-4.90956e+00
-6.02067e+00
-7.03582e+00
-8.26392e+00
-5.37777e+00
-9.27079e+00
-7.93008e+00
-6.76979e+00
-7.21187e+00
-6.29260e+00
-5.97803e+00
-7.98261e+00
-6.47356e+00
-8.87464e+00
-7.87293e+00
-7.58062e+00
-8.29057e+00
-5.20927e+00
-5.77317e+00
