4.39175e+00
6.40415e+00
6.28334e+00
5.13072e+00
3.56345e+00
6.10272e+00
2.79724e+00
5.95780e+00
3.93021e+00
7.09342e+00
5.64550e+00
5.18045e+00
4.20480e+00
6.11175e+00
2.81226e+00
1.12901e+01
5.14525e+00
5.89205e+00
3.00338e+00
3.41058e+00
1.23990e+00
6.66598e+00
4.21158e+00
4.91409e+00
4.05491e+00
2.48303e+00
6.07596e+00
7.00944e+00
5.81369e+00
6.00797e+00
4.80732e+00
4.19177e+00
6.55384e+00
4.67056e+00
1.06592e+01
5.32259e+00
5.61364e+00
4.99624e+00
7.55323e+00
7.38542e+00
4.32690e+00
6.35461e+00
7.94643e+00
1.96653e+00
4.54328e+00
4.48066e+00
4.17306e+00
4.54770e+00
5.79544e+00
5.54332e+00
6.71305e+00
7.33665e+00
5.13798e+00
8.13537e+00
6.14436e+00
4.75803e+00
4.94072e+00
5.99101e+00
6.71214e+00
5.51729e+00
4.10106e+02
4.08892e+02
4.12764e+02
4.13521e+02
4.07837e+02
4.11127e+02
4.09481e+02
4.09144e+02
4.13098e+02
4.10910e+02
4.14378e+02
4.16042e+02
4.16329e+02
4.09954e+02
4.14501e+02
4.10726e+02
4.13505e+02
4.14476e+02
4.08587e+02
4.10981e+02
4.08640e+02
4.10409e+02
4.11658e+02
4.11630e+02
4.10046e+02
4.13167e+02
4.11570e+02
4.13618e+02
4.10012e+02
4.11434e+02
4.11513e+02
4.03383e+02
4.13776e+02
4.06628e+02
4.11554e+02
4.03266e+02
4.11741e+02
4.07651e+02
4.13108e+02
4.11230e+02
4.12917e+02
4.14722e+02
4.16016e+02
4.09349e+02
4.13765e+02
4.13480e+02
4.10392e+02
4.11454e+02
4.07763e+02
4.13705e+02
4.10805e+02
4.13824e+02
4.16182e+02
4.10671e+02
4.12809e+02
4.09070e+02
4.10951e+02
4.12058e+02
4.09727e+02
4.11657e+02
1.54075e+03
1.53789e+03
1.54642e+03
1.54094e+03
1.53780e+03
1.54229e+03
1.54083e+03
1.53712e+03
1.54245e+03
1.54185e+03
1.54322e+03
1.54918e+03
1.54066e+03
1.54276e+03
1.54271e+03
1.54178e+03
1.54379e+03
1.54440e+03
1.54229e+03
1.54231e+03
1.53710e+03
1.54411e+03
1.54021e+03
1.53842e+03
1.54017e+03
1.54805e+03
1.54369e+03
1.54108e+03
1.54127e+03
1.54084e+03
1.54730e+03
1.54523e+03
1.54173e+03
1.54403e+03
1.54151e+03
1.54125e+03
1.54121e+03
1.53915e+03
1.54369e+03
1.54074e+03
1.54791e+03
1.54444e+03
1.54011e+03
1.54018e+03
1.54371e+03
1.54551e+03
1.53601e+03
1.54485e+03
1.54160e+03
1.54217e+03
1.53963e+03
1.54356e+03
1.53899e+03
1.54943e+03
1.54527e+03
1.54136e+03
1.54042e+03
1.54041e+03
1.54558e+03
1.54673e+03
4.48931e+03
4.49664e+03
4.49482e+03
4.49921e+03
4.49585e+03
4.48910e+03
4.49787e+03
4.49369e+03
4.50123e+03
4.49001e+03
4.49523e+03
4.49474e+03
4.49351e+03
4.49463e+03
4.49902e+03
4.49525e+03
4.49693e+03
4.49904e+03
4.49586e+03
4.49899e+03
4.48925e+03
4.49143e+03
4.50264e+03
4.49253e+03
4.49711e+03
4.49859e+03
4.49802e+03
4.49274e+03
4.48768e+03
4.49637e+03
4.49235e+03
4.48957e+03
4.48804e+03
4.49411e+03
4.49349e+03
4.49135e+03
4.49679e+03
4.49939e+03
4.49157e+03
4.48658e+03
4.49342e+03
4.49950e+03
4.49204e+03
4.49527e+03
4.49597e+03
4.48718e+03
4.49823e+03
4.49450e+03
4.48571e+03
4.49886e+03
4.49516e+03
4.49594e+03
4.49944e+03
4.49003e+03
4.49248e+03
4.50121e+03
4.49826e+03
4.48720e+03
4.48924e+03
4.49819e+03
1.20513e+04
1.20626e+04
1.20520e+04
1.20721e+04
1.20558e+04
1.20525e+04
1.20521e+04
1.20601e+04
1.20436e+04
1.20577e+04
1.20649e+04
1.20584e+04
1.20584e+04
1.20480e+04
1.20549e+04
1.20494e+04
1.20508e+04
1.20598e+04
1.20533e+04
1.20628e+04
1.20527e+04
1.20586e+04
1.20495e+04
1.20641e+04
1.20660e+04
1.20492e+04
1.20670e+04
1.20441e+04
1.20483e+04
1.20591e+04
1.20482e+04
1.20511e+04
1.20579e+04
1.20531e+04
1.20574e+04
1.20653e+04
1.20594e+04
1.20561e+04
1.20591e+04
1.20630e+04
1.20676e+04
1.20493e+04
1.20500e+04
1.20500e+04
1.20517e+04
1.20630e+04
1.20453e+04
1.20552e+04
1.20429e+04
1.20518e+04
1.20601e+04
1.20499e+04
1.20507e+04
1.20778e+04
1.20467e+04
1.20559e+04
1.20488e+04
1.20605e+04
1.20614e+04
1.20544e+04
8.71370e+03
8.71773e+03
8.71185e+03
8.72980e+03
8.72088e+03
8.72035e+03
8.71539e+03
8.71154e+03
8.72111e+03
8.72596e+03
8.72025e+03
8.71874e+03
8.72627e+03
8.71910e+03
8.71470e+03
8.70648e+03
8.72261e+03
8.72115e+03
8.71580e+03
8.72426e+03
8.71965e+03
8.71324e+03
8.71896e+03
8.71505e+03
8.72137e+03
8.72090e+03
8.71958e+03
8.71164e+03
8.71619e+03
8.72233e+03
8.71817e+03
8.71825e+03
8.71537e+03
8.71345e+03
8.71743e+03
8.70981e+03
8.70463e+03
8.70955e+03
8.71439e+03
8.71555e+03
8.71251e+03
8.70989e+03
8.71270e+03
8.71635e+03
8.71242e+03
8.71191e+03
8.71146e+03
8.70920e+03
8.72338e+03
8.71627e+03
8.70912e+03
8.71040e+03
8.71581e+03
8.71926e+03
8.71799e+03
8.72071e+03
8.71916e+03
8.71811e+03
8.72967e+03
8.70900e+03
6.26712e+03
6.28242e+03
6.27298e+03
6.27966e+03
6.27103e+03
6.27788e+03
6.27823e+03
6.28120e+03
6.27473e+03
6.27834e+03
6.27485e+03
6.27623e+03
6.27777e+03
6.27965e+03
6.27511e+03
6.27950e+03
6.27626e+03
6.27986e+03
6.27743e+03
6.27184e+03
6.27287e+03
6.27630e+03
6.28010e+03
6.27186e+03
6.27773e+03
6.27124e+03
6.28467e+03
6.28107e+03
6.27972e+03
6.27962e+03
6.27260e+03
6.27772e+03
6.28093e+03
6.27741e+03
6.27604e+03
6.27524e+03
6.27743e+03
6.28167e+03
6.27932e+03
6.27931e+03
6.28044e+03
6.27700e+03
6.27476e+03
6.27588e+03
6.27496e+03
6.27882e+03
6.28580e+03
6.27667e+03
6.27528e+03
6.28258e+03
6.27316e+03
6.28365e+03
6.27239e+03
6.27327e+03
6.27767e+03
6.28061e+03
6.28207e+03
6.28080e+03
6.27570e+03
6.27890e+03
3.18793e+03
3.19489e+03
3.18807e+03
3.18664e+03
3.18550e+03
3.19201e+03
3.18067e+03
3.18987e+03
3.19398e+03
3.18987e+03
3.19102e+03
3.18730e+03
3.18335e+03
3.18611e+03
3.19180e+03
3.18809e+03
3.18518e+03
3.18674e+03
3.18379e+03
3.18689e+03
3.18710e+03
3.19170e+03
3.18580e+03
3.18658e+03
3.18892e+03
3.19036e+03
3.18397e+03
3.18695e+03
3.19438e+03
3.18882e+03
3.18476e+03
3.18417e+03
3.19228e+03
3.18888e+03
3.18535e+03
3.18742e+03
3.19244e+03
3.19285e+03
3.19436e+03
3.18590e+03
3.18669e+03
3.18127e+03
3.18811e+03
3.19059e+03
3.18867e+03
3.18924e+03
3.18804e+03
3.19279e+03
3.18831e+03
3.19076e+03
3.19390e+03
3.18251e+03
3.19272e+03
3.18814e+03
3.18762e+03
3.19050e+03
3.17980e+03
3.18861e+03
3.19248e+03
3.18590e+03
2.23845e+03
2.23491e+03
2.23730e+03
2.24019e+03
2.24394e+03
2.23698e+03
2.24021e+03
2.22916e+03
2.23692e+03
2.23966e+03
2.23626e+03
2.24039e+03
2.24343e+03
2.23983e+03
2.23298e+03
2.23878e+03
2.23897e+03
2.23482e+03
2.23549e+03
2.24049e+03
2.23897e+03
2.23873e+03
2.23671e+03
2.23807e+03
2.23831e+03
2.23899e+03
2.23102e+03
2.23757e+03
2.23917e+03
2.23604e+03
2.23693e+03
2.24011e+03
2.23778e+03
2.23792e+03
2.24279e+03
2.23704e+03
2.23338e+03
2.23472e+03
2.22749e+03
2.23473e+03
2.23758e+03
2.24066e+03
2.23638e+03
2.23420e+03
2.23555e+03
2.24020e+03
2.23539e+03
2.23803e+03
2.23499e+03
2.24190e+03
2.23275e+03
2.24125e+03
2.24119e+03
2.23914e+03
2.23272e+03
2.23455e+03
2.23870e+03
2.23512e+03
2.23630e+03
2.23609e+03
