2.51758e+02
2.42398e+02
2.51203e+02
2.44468e+02
2.44278e+02
2.47313e+02
2.50300e+02
2.47364e+02
2.50558e+02
2.50532e+02
2.47324e+02
2.43117e+02
2.51606e+02
2.50123e+02
2.47151e+02
2.44257e+02
2.48884e+02
2.49603e+02
2.43739e+02
2.44211e+02
2.47422e+02
2.48266e+02
2.47072e+02
2.47943e+02
2.45477e+02
2.44429e+02
2.46102e+02
2.50260e+02
2.46040e+02
2.49538e+02
2.50616e+02
2.49121e+02
2.46677e+02
2.47489e+02
2.46549e+02
2.49694e+02
2.51324e+02
2.49377e+02
2.45386e+02
2.45381e+02
2.46374e+02
2.45884e+02
2.51263e+02
2.45732e+02
2.43637e+02
2.47345e+02
2.46017e+02
2.50718e+02
2.47909e+02
2.43659e+02
2.46151e+02
2.49237e+02
2.48975e+02
2.48593e+02
2.45372e+02
2.54295e+02
2.50923e+02
2.46852e+02
2.46263e+02
2.44967e+02
1.97177e+02
2.00921e+02
1.94635e+02
1.96909e+02
1.95314e+02
1.99379e+02
1.95793e+02
1.95606e+02
1.97466e+02
1.98751e+02
1.98734e+02
1.99352e+02
1.97606e+02
1.99282e+02
1.98609e+02
1.98893e+02
1.97362e+02
1.99067e+02
2.00753e+02
1.98123e+02
2.01778e+02
2.01060e+02
1.99526e+02
1.97971e+02
1.98244e+02
1.98668e+02
1.98738e+02
1.98964e+02
1.99287e+02
1.95380e+02
1.98591e+02
1.97578e+02
1.98176e+02
1.98491e+02
1.94996e+02
1.95042e+02
1.97466e+02
1.99512e+02
1.96654e+02
1.97691e+02
1.97122e+02
1.97948e+02
2.00126e+02
1.98235e+02
1.98819e+02
1.97797e+02
1.96665e+02
1.98229e+02
1.98836e+02
1.95755e+02
1.98655e+02
2.00628e+02
1.98254e+02
1.98143e+02
1.96581e+02
1.97180e+02
1.97437e+02
1.96935e+02
1.98833e+02
1.99843e+02
1.62242e+02
1.63038e+02
1.63585e+02
1.64696e+02
1.62275e+02
1.62669e+02
1.63505e+02
1.62084e+02
1.62472e+02
1.63629e+02
1.64792e+02
1.61839e+02
1.64609e+02
1.60705e+02
1.64594e+02
1.62094e+02
1.61822e+02
1.62931e+02
1.62206e+02
1.64611e+02
1.65213e+02
1.65374e+02
1.64285e+02
1.62084e+02
1.60374e+02
1.62809e+02
1.63631e+02
1.63452e+02
1.61880e+02
1.66687e+02
1.64458e+02
1.65083e+02
1.64264e+02
1.62009e+02
1.64053e+02
1.61889e+02
1.62985e+02
1.62132e+02
1.62291e+02
1.62822e+02
1.65095e+02
1.62375e+02
1.63244e+02
1.61269e+02
1.62386e+02
1.63635e+02
1.65493e+02
1.61907e+02
1.65079e+02
1.61792e+02
1.63052e+02
1.63326e+02
1.63588e+02
1.61971e+02
1.63685e+02
1.63465e+02
1.61395e+02
1.62633e+02
1.62934e+02
1.65463e+02
1.28555e+02
1.28088e+02
1.29339e+02
1.27588e+02
1.28783e+02
1.25487e+02
1.28763e+02
1.28582e+02
1.27696e+02
1.26775e+02
1.28933e+02
1.25818e+02
1.25209e+02
1.27572e+02
1.26571e+02
1.28106e+02
1.27772e+02
1.29588e+02
1.28290e+02
1.27323e+02
1.26952e+02
1.27858e+02
1.27722e+02
1.26533e+02
1.27571e+02
1.27827e+02
1.26570e+02
1.28849e+02
1.29663e+02
1.28356e+02
1.27467e+02
1.28631e+02
1.28968e+02
1.27945e+02
1.27211e+02
1.28315e+02
1.28611e+02
1.28256e+02
1.27303e+02
1.28343e+02
1.28765e+02
1.28599e+02
1.28445e+02
1.26766e+02
1.25380e+02
1.27199e+02
1.29960e+02
1.28622e+02
1.28108e+02
1.29350e+02
1.26144e+02
1.27978e+02
1.28560e+02
1.29822e+02
1.28284e+02
1.27318e+02
1.28096e+02
1.30749e+02
1.29616e+02
1.28651e+02
9.12046e+01
8.89701e+01
9.05221e+01
9.02050e+01
9.06470e+01
9.05023e+01
8.82549e+01
8.99614e+01
9.06316e+01
8.99371e+01
8.91629e+01
8.91190e+01
8.92835e+01
8.99723e+01
8.99460e+01
9.01504e+01
8.98593e+01
8.91440e+01
8.87076e+01
8.92046e+01
8.92510e+01
8.95753e+01
9.05709e+01
8.87995e+01
9.01392e+01
8.93892e+01
8.93873e+01
8.82812e+01
8.93687e+01
9.09435e+01
9.02014e+01
9.08092e+01
9.02013e+01
8.91616e+01
9.03585e+01
9.13520e+01
8.97738e+01
9.00645e+01
9.01457e+01
9.05539e+01
8.93357e+01
8.92732e+01
9.02426e+01
8.96862e+01
8.95182e+01
8.99615e+01
9.12087e+01
8.97008e+01
8.94653e+01
8.86169e+01
9.09949e+01
9.02755e+01
9.06798e+01
9.06880e+01
9.00315e+01
8.95794e+01
9.01627e+01
8.98139e+01
8.95413e+01
9.06732e+01
