-8.74239e+00
-7.50653e+00
-7.99987e+00
-7.30065e+00
-7.32708e+00
-7.11674e+00
-1.19131e+01
-8.83640e+00
-1.28967e+01
-1.00464e+01
-1.24727e+01
-9.76953e+00
-9.32559e+00
-9.48222e+00
-1.00873e+01
-8.54981e+00
-1.47222e+01
-1.38888e+01
-7.62706e+00
-9.80636e+00
-6.52700e+00
-1.07765e+01
-9.78428e+00
-6.21944e+00
-1.24925e+01
-7.44865e+00
-1.21022e+01
-9.37258e+00
-1.29587e+01
-4.37952e+00
-8.52513e+00
-1.23070e+01
-7.08552e+00
-1.00515e+01
-1.07500e+01
-9.51736e+00
-7.39602e+00
-9.15236e+00
-9.62045e+00
-1.17697e+01
-8.64754e+00
-1.10218e+01
-7.28587e+00
-8.85444e+00
-8.03774e+00
-6.37635e+00
-8.13622e+00
-1.09798e+01
-1.03218e+01
-7.76475e+00
-7.28154e+00
-9.91337e+00
-8.10489e+00
-7.57772e+00
-7.57976e+00
-1.11884e+01
-8.82853e+00
-1.08854e+01
-8.45232e+00
-1.31456e+01
