2.92855e+01
2.73700e+01
2.83247e+01
2.81772e+01
2.83628e+01
2.73762e+01
2.74998e+01
3.07214e+01
2.78536e+01
2.81653e+01
2.76403e+01
2.76768e+01
2.80308e+01
2.77332e+01
2.85217e+01
2.83374e+01
2.81461e+01
2.76082e+01
2.80937e+01
2.81361e+01
2.79922e+01
2.89879e+01
2.86581e+01
2.89162e+01
2.77600e+01
2.81303e+01
2.79928e+01
2.75804e+01
2.80530e+01
2.88037e+01
2.87060e+01
2.84269e+01
2.86040e+01
2.86474e+01
2.74647e+01
2.76247e+01
2.83793e+01
2.92947e+01
2.86336e+01
3.03685e+01
2.79999e+01
2.83284e+01
2.79849e+01
2.80503e+01
2.80850e+01
2.94404e+01
2.85094e+01
2.79142e+01
2.76041e+01
2.78486e+01
2.77839e+01
2.74946e+01
2.74846e+01
2.76201e+01
2.80634e+01
2.71567e+01
2.79131e+01
2.86273e+01
2.91152e+01
2.76996e+01
3.92954e+00
3.93039e+00
3.92897e+00
3.92905e+00
3.92855e+00
3.93032e+00
3.92740e+00
3.92737e+00
3.92992e+00
3.92807e+00
3.92847e+00
3.92933e+00
3.92883e+00
3.92984e+00
3.92935e+00
3.92908e+00
3.93045e+00
3.92884e+00
3.93113e+00
3.92834e+00
3.92979e+00
3.93050e+00
3.92893e+00
3.92767e+00
3.92778e+00
3.93045e+00
3.92836e+00
3.93048e+00
3.92916e+00
3.92924e+00
3.93003e+00
3.93040e+00
3.92984e+00
3.93050e+00
3.92874e+00
3.92966e+00
3.92764e+00
3.92808e+00
3.92924e+00
3.92871e+00
3.68710e+00
3.68555e+00
3.68687e+00
3.68706e+00
3.68692e+00
3.68673e+00
3.68681e+00
3.68688e+00
3.68715e+00
3.68724e+00
3.68617e+00
3.68664e+00
3.68658e+00
3.68659e+00
3.68637e+00
3.68678e+00
3.68661e+00
3.68627e+00
3.68734e+00
3.68639e+00
3.68623e+00
3.68661e+00
3.68583e+00
3.68678e+00
3.68647e+00
3.68657e+00
3.68684e+00
3.68675e+00
3.68652e+00
3.68659e+00
3.68667e+00
3.68639e+00
3.68638e+00
3.68686e+00
3.68630e+00
3.68656e+00
3.68644e+00
3.68629e+00
3.68687e+00
3.68691e+00
3.68697e+00
3.68667e+00
3.68678e+00
3.68688e+00
3.68678e+00
3.68679e+00
3.68654e+00
3.68695e+00
3.68635e+00
3.68697e+00
3.68631e+00
3.68642e+00
3.68659e+00
3.68700e+00
3.68682e+00
3.68657e+00
3.68655e+00
3.68638e+00
3.68700e+00
3.68693e+00
3.63167e+00
3.63170e+00
3.63104e+00
3.63155e+00
3.63142e+00
3.63140e+00
3.63160e+00
3.63151e+00
3.63129e+00
3.63148e+00
3.63107e+00
3.63119e+00
3.63193e+00
3.63141e+00
3.63141e+00
3.63135e+00
3.63141e+00
3.63109e+00
3.63127e+00
3.63122e+00
3.63136e+00
3.63135e+00
3.63157e+00
3.63149e+00
3.63162e+00
3.63128e+00
3.63145e+00
3.63145e+00
3.63136e+00
3.63143e+00
3.63162e+00
3.63165e+00
3.63152e+00
3.63174e+00
3.63122e+00
3.63156e+00
3.63136e+00
3.63139e+00
3.63156e+00
3.63133e+00
3.63134e+00
3.63144e+00
3.63132e+00
3.63118e+00
3.63166e+00
3.63114e+00
3.63154e+00
3.63121e+00
3.63159e+00
3.63139e+00
3.63179e+00
3.63168e+00
3.63152e+00
3.63156e+00
3.63159e+00
3.63153e+00
3.63110e+00
3.63144e+00
3.63120e+00
3.63126e+00
3.59115e+00
3.59125e+00
3.59129e+00
3.59128e+00
3.59121e+00
3.59110e+00
3.59121e+00
3.59135e+00
3.59125e+00
3.59125e+00
3.59113e+00
3.59109e+00
3.59106e+00
3.59139e+00
3.59140e+00
3.59114e+00
3.59123e+00
3.59133e+00
3.59116e+00
3.59118e+00
3.59135e+00
3.59108e+00
3.59117e+00
3.59121e+00
3.59127e+00
3.59131e+00
3.59124e+00
3.59116e+00
3.59116e+00
3.59116e+00
3.59106e+00
3.59107e+00
3.59123e+00
3.59125e+00
3.59109e+00
3.59136e+00
3.59123e+00
3.59131e+00
3.59096e+00
3.59118e+00
3.59109e+00
3.59123e+00
3.59120e+00
3.59128e+00
3.59128e+00
3.59118e+00
3.59140e+00
3.59132e+00
3.59116e+00
3.59142e+00
3.59134e+00
3.59133e+00
3.59142e+00
3.59119e+00
3.59123e+00
3.59120e+00
3.59131e+00
3.59116e+00
3.59125e+00
3.59144e+00
3.92760e+00
3.92862e+00
3.92911e+00
3.92900e+00
3.93060e+00
3.92943e+00
3.92754e+00
3.92975e+00
3.92863e+00
3.92891e+00
3.92718e+00
3.92972e+00
3.92906e+00
3.92853e+00
3.93090e+00
3.93019e+00
3.92809e+00
3.92854e+00
3.92920e+00
3.93003e+00
