6.87700e-01
8.15758e-01
7.40961e-01
7.68941e-01
7.49579e-01
7.98993e-01
8.17030e-01
5.95621e-01
8.01425e-01
7.48143e-01
8.23018e-01
8.04899e-01
7.49243e-01
7.98947e-01
7.29575e-01
7.70322e-01
7.57872e-01
7.92847e-01
7.63027e-01
7.64570e-01
8.06297e-01
6.95721e-01
7.34258e-01
6.98685e-01
7.96305e-01
7.39688e-01
7.48829e-01
8.06843e-01
7.76192e-01
6.99337e-01
7.25275e-01
7.42446e-01
7.12038e-01
7.20144e-01
8.16331e-01
8.09561e-01
7.56594e-01
6.74626e-01
7.43738e-01
6.32020e-01
7.52872e-01
7.46444e-01
7.61140e-01
7.59446e-01
7.57046e-01
6.86612e-01
7.38327e-01
7.77349e-01
8.17615e-01
7.80191e-01
7.91179e-01
8.13868e-01
8.38013e-01
8.02664e-01
7.53256e-01
8.29451e-01
7.78597e-01
7.38668e-01
6.79565e-01
7.75330e-01
6.45168e+02
6.37547e+02
6.49153e+02
6.41252e+02
6.52113e+02
6.34240e+02
6.63900e+02
6.58423e+02
6.42810e+02
6.51229e+02
6.48592e+02
6.43774e+02
6.54710e+02
6.39936e+02
6.48552e+02
6.47609e+02
6.36302e+02
6.45060e+02
6.35228e+02
6.51778e+02
6.45452e+02
6.36955e+02
6.51917e+02
6.66879e+02
6.53536e+02
6.36967e+02
6.56295e+02
6.38608e+02
6.46669e+02
6.44217e+02
6.39314e+02
6.42375e+02
6.43508e+02
6.42153e+02
6.46237e+02
6.41095e+02
6.55603e+02
6.50156e+02
6.48609e+02
6.45779e+02
5.85753e+02
5.87245e+02
5.85528e+02
5.82161e+02
5.98089e+02
5.82125e+02
5.89952e+02
5.87761e+02
5.86893e+02
5.87268e+02
5.89201e+02
5.87483e+02
5.89235e+02
5.77473e+02
5.85679e+02
5.84831e+02
5.87104e+02
5.94272e+02
5.96773e+02
5.94119e+02
4.90115e+03
4.94782e+03
4.89082e+03
4.89490e+03
4.91025e+03
4.90443e+03
4.91467e+03
4.90697e+03
4.89671e+03
4.89970e+03
4.92834e+03
4.91529e+03
4.91593e+03
4.90883e+03
4.91642e+03
4.89852e+03
4.91628e+03
4.92989e+03
4.88536e+03
4.91641e+03
4.92224e+03
4.90734e+03
4.94280e+03
4.89760e+03
4.90863e+03
4.92324e+03
4.90821e+03
4.90166e+03
4.91955e+03
4.90995e+03
4.91475e+03
4.91740e+03
4.90960e+03
4.90563e+03
4.92381e+03
4.92092e+03
4.91087e+03
4.92409e+03
4.90109e+03
4.90653e+03
4.89474e+03
4.91710e+03
4.89808e+03
4.89253e+03
4.91651e+03
4.91881e+03
4.91685e+03
4.89949e+03
4.92562e+03
4.89485e+03
4.93083e+03
4.92654e+03
4.91288e+03
4.89803e+03
4.91300e+03
4.91088e+03
4.91565e+03
4.91674e+03
4.89557e+03
4.90732e+03
7.22150e+03
7.21871e+03
7.26755e+03
7.22575e+03
7.23296e+03
7.23505e+03
7.21313e+03
7.23193e+03
7.23258e+03
7.22419e+03
7.24928e+03
7.24083e+03
7.21632e+03
7.23190e+03
7.24309e+03
7.23861e+03
7.23827e+03
7.25735e+03
7.22717e+03
7.24664e+03
7.24304e+03
7.22526e+03
7.21557e+03
7.22671e+03
7.21929e+03
7.24230e+03
7.23857e+03
7.22652e+03
7.24731e+03
7.24098e+03
7.23408e+03
7.21881e+03
7.24373e+03
7.21482e+03
7.23240e+03
7.23073e+03
7.24455e+03
7.22788e+03
7.24223e+03
7.23648e+03
7.23541e+03
7.21994e+03
7.23427e+03
7.23222e+03
7.22690e+03
7.24337e+03
7.23388e+03
7.24457e+03
7.22908e+03
7.24784e+03
7.20307e+03
7.20199e+03
7.22882e+03
7.22867e+03
7.21941e+03
7.21715e+03
7.25751e+03
7.22965e+03
7.23259e+03
7.24721e+03
9.52983e+03
9.51401e+03
9.50746e+03
9.52019e+03
9.52256e+03
9.53209e+03
9.53061e+03
9.51488e+03
9.51513e+03
9.51846e+03
9.52693e+03
9.53918e+03
9.54049e+03
9.50658e+03
9.51778e+03
9.52260e+03
9.51926e+03
9.50999e+03
9.53703e+03
9.51808e+03
9.50652e+03
9.53344e+03
9.52393e+03
9.52997e+03
9.48889e+03
9.51847e+03
9.52788e+03
9.52452e+03
9.51507e+03
9.52460e+03
9.53646e+03
9.53822e+03
9.53093e+03
9.52389e+03
9.52678e+03
9.50687e+03
9.51059e+03
9.50945e+03
9.53858e+03
9.52899e+03
9.52106e+03
9.51730e+03
9.51253e+03
9.50778e+03
9.51708e+03
9.53302e+03
9.50266e+03
9.52063e+03
9.53056e+03
9.50587e+03
9.51756e+03
9.51362e+03
9.49451e+03
9.52196e+03
9.50275e+03
9.51416e+03
9.52363e+03
9.52130e+03
9.51916e+03
9.50930e+03
6.56922e+02
6.43072e+02
6.49814e+02
6.46801e+02
6.30303e+02
6.45916e+02
6.56563e+02
6.48477e+02
6.47532e+02
6.44316e+02
6.62388e+02
6.41678e+02
6.46364e+02
6.44215e+02
6.38075e+02
6.44601e+02
6.52378e+02
6.52772e+02
6.48135e+02
6.47293e+02
