-1.18526e+02
-1.17734e+02
-1.21093e+02
-1.13455e+02
-1.16428e+02
-1.18040e+02
-1.17480e+02
-1.17115e+02
-1.18201e+02
-1.18032e+02
-1.17666e+02
-1.12299e+02
-1.22164e+02
-1.15081e+02
-1.19521e+02
-1.17796e+02
-1.16771e+02
-1.16969e+02
-1.16495e+02
-1.18534e+02
-1.17883e+02
-1.18800e+02
-1.18055e+02
-1.14814e+02
-1.16797e+02
-1.17630e+02
-1.14411e+02
-1.17510e+02
-1.19798e+02
-1.18765e+02
-1.14008e+02
-1.19698e+02
-1.15311e+02
-1.17464e+02
-1.20130e+02
-1.17345e+02
-1.14631e+02
-1.16388e+02
-1.15668e+02
-1.17910e+02
-1.19994e+02
-1.17482e+02
-1.18031e+02
-1.13123e+02
-1.19294e+02
-1.19158e+02
-1.15128e+02
-1.16838e+02
-1.16179e+02
-1.19000e+02
-1.18300e+02
-1.17188e+02
-1.13048e+02
-1.13970e+02
-1.19651e+02
-1.17342e+02
-1.13772e+02
-1.17600e+02
-1.18894e+02
-1.15453e+02
-7.36178e+01
-7.32466e+01
-7.27818e+01
-7.62518e+01
-7.22639e+01
-7.15508e+01
-7.26699e+01
-7.29828e+01
-7.12191e+01
-7.34216e+01
-7.32036e+01
-7.17762e+01
-7.27788e+01
-7.31748e+01
-7.46844e+01
-7.18118e+01
-7.45506e+01
-7.23566e+01
-7.25723e+01
-7.28175e+01
-7.59989e+01
-7.30708e+01
-7.44306e+01
-7.36409e+01
-7.25200e+01
-7.50851e+01
-7.25625e+01
-7.44877e+01
-7.32140e+01
-7.29894e+01
-7.46520e+01
-7.19311e+01
-7.53409e+01
-7.45956e+01
-7.31174e+01
-7.24424e+01
-7.23215e+01
-7.56480e+01
-7.43761e+01
-6.95317e+01
-7.16936e+01
-7.22995e+01
-7.32211e+01
-7.27720e+01
-7.21466e+01
-7.52685e+01
-7.52246e+01
-7.19862e+01
-7.43726e+01
-7.32214e+01
-7.34039e+01
-7.29946e+01
-7.46588e+01
-7.64514e+01
-7.36603e+01
-7.50223e+01
-7.47482e+01
-7.31095e+01
-7.22011e+01
-7.30929e+01
-4.04432e+01
-3.76756e+01
-4.18510e+01
-3.93104e+01
-4.05679e+01
-4.02406e+01
-3.96504e+01
-3.91602e+01
-4.02238e+01
-3.94346e+01
-3.80439e+01
-4.02463e+01
-3.69782e+01
-4.01538e+01
-3.85514e+01
-3.57811e+01
-3.84711e+01
-3.84126e+01
-3.92576e+01
-4.07872e+01
-3.74942e+01
-3.71781e+01
-3.98965e+01
-3.92323e+01
-3.92168e+01
-3.68233e+01
-4.06930e+01
-3.72886e+01
-3.60074e+01
-3.80731e+01
-3.77783e+01
-3.72114e+01
-3.80208e+01
-4.13044e+01
-3.77500e+01
-3.73883e+01
-4.04765e+01
-3.85592e+01
-4.02907e+01
-3.81744e+01
-3.77959e+01
-3.75854e+01
-3.71444e+01
-3.76953e+01
-4.11005e+01
-3.67706e+01
-3.81192e+01
-3.87445e+01
-3.84686e+01
-4.04739e+01
-3.99496e+01
-4.19075e+01
-3.81461e+01
-3.88195e+01
-3.64463e+01
-3.66582e+01
-3.61034e+01
-3.83788e+01
-3.91211e+01
-3.94108e+01
-1.43614e+01
-1.40415e+01
-1.36255e+01
-1.21452e+01
-1.27092e+01
-1.42944e+01
-1.40672e+01
-1.57346e+01
-1.52193e+01
-1.37932e+01
-1.37730e+01
-1.52295e+01
-1.63818e+01
-1.48014e+01
-1.66274e+01
-1.42838e+01
-1.29779e+01
-1.59261e+01
-1.59910e+01
-1.31181e+01
-1.25165e+01
-1.45421e+01
-1.51635e+01
-1.41764e+01
-1.47732e+01
-1.37155e+01
-1.45943e+01
-1.42722e+01
-1.33129e+01
-1.43764e+01
-1.38494e+01
-1.52996e+01
-1.43453e+01
-1.22062e+01
-1.34462e+01
-1.27335e+01
-1.31896e+01
-1.28241e+01
-1.31864e+01
-1.39465e+01
-1.31157e+01
-1.25089e+01
-1.32482e+01
-1.42019e+01
-1.26278e+01
-1.63165e+01
-1.51956e+01
-1.45459e+01
-1.37219e+01
-1.34807e+01
-1.40072e+01
-1.43280e+01
-1.30097e+01
-1.45022e+01
-1.51105e+01
-1.44787e+01
-1.53454e+01
-1.41853e+01
-1.27271e+01
-1.38548e+01
-7.20264e-01
-9.46940e-01
-1.33480e+00
-1.54851e+00
-1.78638e-01
-1.94202e+00
-2.03609e+00
-2.56978e+00
-3.65597e+00
-1.53083e+00
-1.05464e+00
-2.93117e+00
-1.38607e+00
-2.01003e+00
-1.41298e+00
-2.55737e+00
-2.54744e+00
-1.45439e+00
-4.29415e-01
-3.43520e+00
-1.03149e+00
-5.09923e-01
-3.89101e+00
-1.42025e-01
-2.03990e+00
-1.26429e+00
-1.38177e+00
-4.43444e-01
-1.79629e-01
-9.51583e-01
-3.25821e+00
-2.51964e+00
-1.24145e+00
-3.91557e-01
-3.14017e-01
-2.09620e+00
-3.33586e-01
-9.42131e-01
-2.36223e+00
-8.97060e-01
-2.16687e+00
-2.25246e+00
-1.32925e+00
-2.50444e+00
-2.04489e+00
-1.68873e+00
-3.10942e+00
-1.62494e+00
-9.57821e-01
-1.49383e+00
-2.77049e+00
-1.12693e+00
5.89800e-02
-1.39415e+00
-1.71366e+00
-1.15093e+00
-9.76100e-01
-1.96577e+00
-2.22480e+00
-1.70465e+00
