1.41570e+02
1.43359e+02
1.43379e+02
1.42228e+02
1.42705e+02
1.47176e+02
1.39124e+02
1.47856e+02
1.38660e+02
1.46878e+02
1.49089e+02
1.41485e+02
1.43956e+02
1.51246e+02
1.37155e+02
1.45263e+02
1.48152e+02
1.36509e+02
1.49586e+02
1.43764e+02
1.36528e+02
1.47267e+02
1.47326e+02
1.48188e+02
1.44368e+02
1.47792e+02
1.46057e+02
1.35290e+02
1.42990e+02
1.45025e+02
1.43351e+02
1.43684e+02
1.36321e+02
1.43942e+02
1.38082e+02
1.46475e+02
1.42587e+02
1.43252e+02
1.39434e+02
1.49009e+02
1.50290e+02
1.38246e+02
1.45910e+02
1.46198e+02
1.35450e+02
1.32745e+02
1.41938e+02
1.46078e+02
1.40652e+02
1.43251e+02
1.43612e+02
1.51201e+02
1.39138e+02
1.43701e+02
1.42458e+02
1.41859e+02
1.48407e+02
1.43922e+02
1.45611e+02
1.49979e+02
1.24374e+02
1.16788e+02
1.17244e+02
1.05497e+02
1.17513e+02
1.16879e+02
1.14193e+02
1.14904e+02
1.12041e+02
1.16915e+02
1.14134e+02
1.15957e+02
1.15806e+02
1.17485e+02
1.19532e+02
1.20134e+02
1.10431e+02
1.18657e+02
1.18623e+02
1.11772e+02
1.13059e+02
1.16700e+02
1.14951e+02
1.11122e+02
1.17137e+02
1.08706e+02
1.24223e+02
1.18381e+02
1.15538e+02
1.16537e+02
1.15812e+02
1.16838e+02
1.07898e+02
1.14288e+02
1.15539e+02
1.15931e+02
1.19086e+02
1.16321e+02
1.23637e+02
1.18922e+02
1.15486e+02
1.11918e+02
1.15299e+02
1.14990e+02
1.15675e+02
1.17091e+02
1.16775e+02
1.10279e+02
1.18674e+02
1.12758e+02
1.16421e+02
1.10356e+02
1.06776e+02
1.13642e+02
1.11339e+02
1.09875e+02
1.20282e+02
1.12239e+02
1.19012e+02
1.10622e+02
7.92710e+01
8.37601e+01
7.72395e+01
7.90293e+01
7.98837e+01
8.19516e+01
7.57342e+01
7.77077e+01
7.99683e+01
8.99654e+01
7.07737e+01
8.47967e+01
8.33833e+01
8.09061e+01
7.77295e+01
8.15429e+01
8.20581e+01
7.75523e+01
8.05760e+01
8.28575e+01
8.34180e+01
8.62105e+01
7.58807e+01
8.07720e+01
7.70858e+01
7.87389e+01
8.26425e+01
8.04074e+01
7.65583e+01
7.73464e+01
8.70316e+01
8.15101e+01
8.26410e+01
8.32330e+01
8.29681e+01
8.40535e+01
7.66072e+01
7.59783e+01
7.84571e+01
7.80634e+01
7.72322e+01
8.08787e+01
7.96713e+01
7.57988e+01
8.38241e+01
7.74271e+01
8.40182e+01
8.10884e+01
7.87303e+01
7.76395e+01
7.88756e+01
7.50203e+01
8.37439e+01
7.61870e+01
7.51784e+01
7.85585e+01
8.24026e+01
7.81531e+01
7.86834e+01
8.17347e+01
5.73958e+01
6.09069e+01
5.71647e+01
5.55509e+01
5.71826e+01
5.46702e+01
5.78133e+01
5.90117e+01
6.00816e+01
5.41764e+01
5.29459e+01
5.23077e+01
5.31245e+01
5.40171e+01
5.83588e+01
5.42319e+01
5.28145e+01
5.97481e+01
5.72251e+01
5.72211e+01
5.58199e+01
5.34182e+01
5.32292e+01
5.61163e+01
5.55730e+01
5.78866e+01
5.42582e+01
5.66248e+01
5.16599e+01
5.60325e+01
5.74793e+01
5.13367e+01
5.70968e+01
5.77751e+01
5.67127e+01
6.16682e+01
5.69147e+01
5.69537e+01
5.85289e+01
5.96413e+01
5.88766e+01
5.75432e+01
5.40194e+01
5.71740e+01
5.90401e+01
5.24289e+01
5.32365e+01
5.90074e+01
5.82275e+01
5.68189e+01
6.32387e+01
6.03796e+01
5.77251e+01
5.58670e+01
5.09815e+01
5.05338e+01
5.57788e+01
5.46039e+01
5.70274e+01
5.38041e+01
3.56312e+01
4.04460e+01
3.81176e+01
4.24753e+01
3.98368e+01
3.84546e+01
3.76686e+01
4.05676e+01
3.83019e+01
3.77737e+01
4.04333e+01
4.01408e+01
4.02197e+01
3.87886e+01
3.90843e+01
3.62413e+01
3.87808e+01
3.55445e+01
4.11144e+01
3.76166e+01
4.02658e+01
4.16469e+01
3.88865e+01
4.16723e+01
3.93617e+01
3.95338e+01
3.82287e+01
4.01399e+01
4.01579e+01
3.97158e+01
3.95111e+01
3.98512e+01
3.46792e+01
3.65841e+01
4.17174e+01
3.86753e+01
4.23008e+01
4.05927e+01
4.22122e+01
3.91626e+01
3.98649e+01
4.18480e+01
3.79826e+01
3.85011e+01
3.95620e+01
3.86038e+01
4.04407e+01
4.14309e+01
4.09331e+01
3.68324e+01
4.22402e+01
3.79812e+01
3.66404e+01
3.54672e+01
3.76344e+01
4.02755e+01
3.68871e+01
4.07789e+01
3.66445e+01
3.95943e+01
