T (K)   P (kPa) eta (Pa*s)
140.014	1516.1	0.0019524
140.014	4676.6	0.0020125
140.014	7417.4	0.0020553
140.014	10241	0.0021174
140.014	12837.3	0.0021997
140.014	15489.4	0.002264
140.014	17459	0.0023201
140.014	21265.2	0.0023846
140.014	24623	0.0024403
140.014	27709.7	0.0024869
140.014	30293.5	0.0025654
150.014	1769.2	0.0014002
150.014	5088.2	0.0014438
150.014	7956.2	0.0015124
150.014	14667.5	0.0015624
150.014	17822.2	0.0016417
150.014	21411.3	0.0016632
150.014	24056.5	0.0017368
150.014	26636.1	0.0017859
150.014	29112.8	0.0018095
160.014	1460.2	0.0010734
160.014	4665.5	0.0010983
160.014	8057	0.0011303
160.014	11465.9	0.0011698
160.014	14444.8	0.001196
160.014	16962.3	0.00123
160.014	21129	0.0012485
160.014	24462.7	0.0012826
160.014	27046	0.0013178
160.014	30056.3	0.0013683
160.014	32226.9	0.0013818
180.012	2183.7	0.0007037
180.012	5420.1	0.0007299
180.012	8199	0.0007454
180.012	11308.4	0.0007608
180.012	14396.7	0.0007823
180.012	17785.1	0.0007979
180.012	21181.4	0.0008138
180.012	24773.4	0.0008356
180.012	28052.3	0.0008519
180.012	31235.1	0.0008807
199.867	101.325	0.000485
200.011	2033	0.0005076
200.011	5124.9	0.0005191
200.011	7986.4	0.0005338
200.011	11140.6	0.0005501
200.011	14428.6	0.0005609
200.011	17975.3	0.0005738
200.011	21316.6	0.000578
200.011	24636.5	0.000606
200.011	27901.3	0.0006185
200.011	30205.5	0.0006327
200.011	31029.3	0.0006461
210.974	101.325	0.000415
222.078	101.325	0.000361
233.182	101.325	0.000315
244.284	101.325	0.000278
250.005	1846.3	0.0002671
250.005	5117.2	0.0002759
250.005	7940.7	0.0002836
250.005	11783.2	0.0002925
250.005	14620.9	0.0002993
250.005	17937	0.0003059
250.005	21456.1	0.0003162
250.005	24601.8	0.0003227
250.005	27047.2	0.0003273
250.005	30026.9	0.0003373
255.384	101.325	0.000248
266.489	101.325	0.000221
273.15	100	0.000203
273.15	10000	0.000225
273.15	20000	0.000247
273.15	30000	0.000269
277.591	228.906	0.00019461
277.591	228.907	0.00019417
277.591	701.886	0.00019462
277.591	702.575	0.00019507
277.591	702.576	0.00019464
277.591	4120.31	0.00020156
277.591	4125.82	0.00020222
277.591	4128.58	0.00020225
277.591	4132.72	0.00020162
277.591	4135.47	0.00020158
277.591	6874.76	0.00020779
277.591	6883.72	0.00020802
277.591	13018.7	0.00022311
277.591	13151.7	0.00022248
277.591	20717.4	0.00023851
277.591	20747	0.00023911
277.591	27013.7	0.00024959
277.591	27108.8	0.00025086
277.591	31320.1	0.00026089
277.591	31434.6	0.00026155
277.591	33658.1	0.00026555
277.591	33785.7	0.00026661
277.591	33878.1	0.0002647
277.592	101.325	0.0002
288.696	101.325	0.000181
293.15	200	0.00017
293.15	10000	0.000184
293.15	20000	0.000209
293.15	30000	0.000232
299.802	101.325	0.000164
299.994	1728.9	0.0001578
299.994	4817.5	0.0001643
299.994	7651.5	0.0001708
299.994	10269.4	0.0001758
299.994	14431.5	0.0001882
299.994	17761.4	0.0001923
299.994	21509.5	0.0002013
299.994	24767.7	0.0002059
299.994	28154.2	0.0002129
299.994	30699.4	0.0002179
299.994	33916.6	0.0002214
310.909	101.325	0.00015
310.909	689.48	0.0001415
310.909	1378.95	0.000143
310.909	2068.43	0.0001445
310.909	2757.9	0.000146
310.909	3447.38	0.0001472
310.909	4136.85	0.0001485
310.909	4826.33	0.00015
310.909	5515.81	0.0001512
310.909	6894.76	0.000154
310.909	10342.1	0.000161
310.909	13789.5	0.0001675
310.909	20684.3	0.0001795
310.909	27579	0.000192
310.909	34473.8	0.0002035
310.909	41368.5	0.000215
310.909	48263.3	0.000227
310.909	55158.1	0.0002375
313.15	400	0.000143
313.15	10000	0.00016
313.15	20000	0.000184
313.15	30000	0.000202
323	13310	0.0001497
323	18030	0.0001601
323	21980	0.0001694
323	26850	0.0001775
323	29760	0.0001857
323	31920	0.0001935
323	34250	0.0001962
323	34540	0.0001988
323	34560	0.0001967
323	37210	0.0001932
323	43590	0.0001961
323	52270	0.0002118
323	61420	0.0002281
323	68370	0.0002386
323	68390	0.000239
333.15	600	0.000118
333.15	10000	0.000133
333.15	20000	0.000153
333.15	30000	0.000172
344.235	1378.95	0.000105
344.235	2068.43	0.0001065
344.235	2757.9	0.0001078
344.235	3447.38	0.0001092
344.235	4136.85	0.0001105
344.235	4826.33	0.000112
344.235	5515.81	0.0001135
344.235	6894.76	0.000116
344.235	10342.1	0.0001225
344.235	13789.5	0.000129
344.235	20684.3	0.0001412
344.235	27579	0.0001522
344.235	34473.8	0.0001632
344.235	41368.5	0.0001735
344.235	48263.3	0.0001838
344.235	55158.1	0.000194
348	13860	0.0001212
348	21190	0.0001378
348	28110	0.0001454
348	34750	0.0001572
348	34770	0.0001576
348	41350	0.0001746
348	44670	0.000177
348	48370	0.0001879
348	48390	0.000185
348	51810	0.0001978
348	55090	0.000205
348	55100	0.0002052
348	58530	0.0001942
348	62020	0.0002005
348	62060	0.000202
348	65590	0.0002036
348	68500	0.0002056
348	69170	0.0002072
373	15170	0.0001063
373	17160	0.0001108
373	21120	0.0001169
373	21210	0.0001174
373	27580	0.0001256
373	27630	0.0001257
373	34380	0.0001342
373	34580	0.0001332
373	41460	0.0001462
373	48340	0.0001543
373	48380	0.0001557
373	55160	0.0001698
373	58510	0.0001722
373	62080	0.000178
373	63750	0.0001817
373	66940	0.0001883
373	69120	0.0001935
377.569	2068.43	7.60E-05
377.569	2757.9	7.75E-05
377.569	3447.38	7.90E-05
377.569	4136.85	8.05E-05
377.569	4826.33	8.25E-05
377.569	5515.81	8.40E-05
377.569	6894.76	8.68E-05
377.569	10342.1	9.40E-05
377.569	13789.5	0.0001005
377.569	20684.3	0.0001125
377.569	27579	0.0001233
377.569	34473.8	0.0001337
377.569	41368.5	0.0001432
398	17540	9.71E-05
398	18390	9.98E-05
398	22210	0.0001048
398	22260	0.0001038
398	27620	0.0001098
398	34450	0.0001181
398	34460	0.0001187
398	41370	0.0001268
398	45540	0.0001326
398	48140	0.0001365
398	58630	0.0001483
398	62220	0.0001532
398	65190	0.0001592
398	68890	0.0001631
398	68920	0.0001628
410.909	3447.38	5.10E-05
410.909	4136.85	5.35E-05
410.909	4826.33	5.65E-05
410.909	5515.81	5.90E-05
410.909	6894.76	6.30E-05
410.909	10342.1	7.15E-05
410.909	13789.5	7.85E-05
410.91	3473.27	5.03E-05
410.91	3474.27	5.03E-05
410.91	3476.32	5.02E-05
410.91	4160.27	5.39E-05
410.91	4160.28	5.39E-05
410.91	5518.54	5.92E-05
410.91	5519.92	5.87E-05
410.91	6949.89	6.37E-05
410.91	6954.02	6.37E-05
410.91	10397.9	7.22E-05
410.91	10399.3	7.20E-05
410.91	13829.5	7.89E-05
410.91	13830.8	7.90E-05
410.91	20655.2	9.01E-05
410.91	20689.7	9.03E-05
410.91	27075.6	0.000100158
410.91	27156.9	0.000100905
410.91	27157	0.00010056
410.91	30966.3	0.000105875
410.91	31056.5	0.000105923
410.91	31056.6	0.000105717
410.91	35315.5	0.000111395
410.91	35365	0.000111338
410.91	35365.1	0.000111343
413	14190	8.05E-05
413	16930	8.83E-05
413	21670	9.30E-05
413	27620	0.0001023
413	34460	0.0001097
413	41550	0.0001184
413	48430	0.0001251
413	55130	0.0001346
413	55150	0.0001349
413	62330	0.0001405
413	69000	0.0001495
413	69010	0.0001499
425.145	101.325	0.000108
428	21280	7.82E-05
428	27320	9.12E-05
428	32310	0.0001005
428	37940	0.0001049
428	43330	0.0001093
428	48570	0.0001156
428	53780	0.0001193
428	58600	0.0001253
428	63820	0.0001314
428	69140	0.0001398
443	20770	7.29E-05
443	20820	7.29E-05
443	27700	8.82E-05
443	27710	8.80E-05
443	34640	9.41E-05
443	41270	0.0001023
443	48230	0.0001098
443	48260	0.0001088
443	55050	0.0001122
443	61910	0.000118
443	62100	0.0001173
443	68960	0.000123
443	69060	0.0001224
