-2.66581e+00
8.19605e+00
1.92862e+01
4.33886e+00
1.31624e+01
5.46115e+00
1.61607e+01
-1.03666e+00
4.24796e+00
8.28440e+00
1.17265e+00
1.65971e+01
1.57402e+00
-4.09430e+00
8.35616e+00
-3.62931e+00
-3.82095e+00
6.30626e+00
9.99378e+00
5.95710e+00
6.29922e+00
2.55088e+00
3.83308e-01
1.22082e+01
8.52695e-01
3.86877e+00
6.14689e+00
1.62905e+00
3.90582e+00
7.01826e+00
9.81323e+00
1.58403e+00
1.02010e+01
-6.95882e-01
1.09667e+01
8.59496e+00
5.08613e+00
-1.11100e+00
7.28555e+00
1.85509e+00
-3.02074e-01
8.07504e+00
1.14538e+00
9.65709e+00
3.22561e+00
1.31618e+01
1.17667e+01
7.65876e+00
8.35578e+00
2.52623e+00
5.08447e-01
1.11929e+01
1.51814e+01
1.68157e-01
1.59700e+01
-1.09998e+00
9.60608e+00
1.44163e+01
-1.74201e+00
7.17008e+00
1.51131e+01
9.06626e+00
9.61421e+00
6.14444e+00
7.39319e+00
1.20618e+01
7.95443e+00
5.77941e+00
1.54794e+01
5.63222e+00
9.34256e+00
1.08580e+01
1.68311e+01
7.34870e+00
9.64067e+00
1.01653e+01
1.28381e+01
7.52489e+00
1.34522e+01
1.33054e+01
1.05338e+01
1.03690e+01
1.20842e+01
8.56223e+00
5.85589e+00
1.27114e+01
9.31073e+00
8.82993e+00
9.16555e+00
9.52665e+00
8.14194e+00
8.42972e+00
4.63096e+00
7.33016e+00
8.86773e+00
4.56796e+00
1.38786e+01
1.30914e+01
1.06785e+01
6.67116e+00
1.56354e+01
1.17108e+01
9.28919e+00
1.06342e+01
9.73434e+00
1.11864e+01
1.23413e+01
1.18847e+01
2.40373e+00
1.28409e+01
9.93512e+00
1.18803e+01
1.05037e+01
1.03533e+01
1.08064e+01
9.09249e+00
6.58584e+00
1.28066e+01
9.44020e+00
1.03669e+01
2.08517e+01
1.91182e+01
1.63593e+01
1.85339e+01
1.98397e+01
1.63368e+01
1.96063e+01
1.89561e+01
1.96109e+01
1.97012e+01
2.12106e+01
1.68384e+01
1.88412e+01
1.77184e+01
1.62733e+01
1.70399e+01
2.17109e+01
2.12724e+01
1.60711e+01
2.30005e+01
1.99118e+01
1.93107e+01
1.84035e+01
1.65818e+01
1.55547e+01
1.83293e+01
1.97507e+01
2.19446e+01
1.93924e+01
1.70054e+01
1.82310e+01
1.65413e+01
1.48098e+01
1.71008e+01
2.08058e+01
1.92924e+01
1.86584e+01
1.29749e+01
1.98125e+01
1.72350e+01
1.98828e+01
2.02560e+01
2.10709e+01
2.15550e+01
1.75672e+01
2.20096e+01
1.59279e+01
1.83619e+01
2.00499e+01
2.07822e+01
2.12600e+01
1.57038e+01
1.34471e+01
2.04736e+01
1.99178e+01
1.78744e+01
1.36550e+01
2.11705e+01
1.98074e+01
1.93397e+01
2.52517e+01
2.60029e+01
2.53669e+01
2.48397e+01
2.52915e+01
2.69322e+01
2.80834e+01
2.65485e+01
2.25907e+01
2.43969e+01
2.27081e+01
2.80324e+01
3.22034e+01
2.35538e+01
2.73887e+01
2.25001e+01
2.59710e+01
2.26383e+01
2.31508e+01
2.58771e+01
2.44194e+01
2.26970e+01
2.58464e+01
2.63534e+01
2.23734e+01
2.45309e+01
2.42913e+01
2.54555e+01
2.72721e+01
2.36361e+01
2.75900e+01
2.64260e+01
2.49009e+01
2.75500e+01
2.33144e+01
2.54009e+01
2.83806e+01
2.22489e+01
2.65384e+01
2.30147e+01
2.72470e+01
2.50759e+01
2.58143e+01
2.37460e+01
2.26087e+01
3.02325e+01
2.10471e+01
2.62498e+01
2.58216e+01
2.41253e+01
2.68267e+01
2.82992e+01
2.51858e+01
2.58460e+01
2.58855e+01
2.62822e+01
2.89472e+01
2.27077e+01
2.53246e+01
2.74493e+01
2.33429e+01
2.32196e+01
2.35543e+01
2.16102e+01
2.37250e+01
2.41230e+01
2.64296e+01
2.22011e+01
2.38961e+01
2.31759e+01
2.49073e+01
2.48676e+01
2.23563e+01
2.26111e+01
2.32013e+01
2.10299e+01
2.16793e+01
2.28547e+01
2.27685e+01
2.38123e+01
2.19861e+01
2.13897e+01
2.32455e+01
2.45571e+01
2.39062e+01
2.39201e+01
2.62092e+01
2.31225e+01
2.38406e+01
2.47485e+01
2.30386e+01
2.40486e+01
2.35536e+01
2.45248e+01
2.09938e+01
2.43764e+01
2.49302e+01
2.34717e+01
2.68172e+01
2.36650e+01
2.28206e+01
2.33092e+01
2.18034e+01
2.22430e+01
2.51757e+01
2.36063e+01
2.34461e+01
2.15721e+01
2.37533e+01
2.38390e+01
2.44025e+01
2.34785e+01
2.50613e+01
2.08815e+01
2.60113e+01
2.17421e+01
2.23083e+01
2.51463e+01
2.24502e+01
2.42253e+01
