4.45542e+00
4.45400e+00
4.45469e+00
4.45705e+00
4.45405e+00
4.45502e+00
4.45565e+00
4.45487e+00
4.45413e+00
4.45448e+00
4.45547e+00
4.45397e+00
4.45569e+00
4.45547e+00
4.45626e+00
4.45542e+00
4.45569e+00
4.45502e+00
4.45551e+00
4.45368e+00
4.45576e+00
4.45527e+00
4.45512e+00
4.45603e+00
4.45580e+00
4.45560e+00
4.45581e+00
4.45495e+00
4.45497e+00
4.45481e+00
4.45661e+00
4.45529e+00
4.45596e+00
4.45507e+00
4.45578e+00
4.45491e+00
4.45439e+00
4.45462e+00
4.45488e+00
4.45676e+00
4.45680e+00
4.45581e+00
4.45637e+00
4.45581e+00
4.45514e+00
4.45645e+00
4.45649e+00
4.45473e+00
4.45628e+00
4.45567e+00
4.45487e+00
4.45600e+00
4.45428e+00
4.45585e+00
4.45623e+00
4.45375e+00
4.45528e+00
4.45477e+00
4.45418e+00
4.45515e+00
4.20807e+00
4.20830e+00
4.20857e+00
4.20826e+00
4.20829e+00
4.20850e+00
4.20856e+00
4.20816e+00
4.20828e+00
4.20849e+00
4.20838e+00
4.20822e+00
4.20836e+00
4.20804e+00
4.20855e+00
4.20872e+00
4.20841e+00
4.20832e+00
4.20897e+00
4.20862e+00
4.20838e+00
4.20814e+00
4.20820e+00
4.20850e+00
4.20867e+00
4.20842e+00
4.20834e+00
4.20854e+00
4.20855e+00
4.20849e+00
4.20807e+00
4.20806e+00
4.20839e+00
4.20828e+00
4.20821e+00
4.20872e+00
4.20886e+00
4.20852e+00
4.20837e+00
4.20847e+00
4.20839e+00
4.20850e+00
4.20852e+00
4.20860e+00
4.20866e+00
4.20814e+00
4.20837e+00
4.20818e+00
4.20847e+00
4.20867e+00
4.20843e+00
4.20823e+00
4.20865e+00
4.20810e+00
4.20852e+00
4.20827e+00
4.20839e+00
4.20868e+00
4.20833e+00
4.20820e+00
4.11899e+00
4.11925e+00
4.11900e+00
4.11897e+00
4.11916e+00
4.11911e+00
4.11908e+00
4.11945e+00
4.11899e+00
4.11863e+00
4.11919e+00
4.11888e+00
4.11878e+00
4.11908e+00
4.11913e+00
4.11917e+00
4.11910e+00
4.11895e+00
4.11904e+00
4.11894e+00
4.11890e+00
4.11886e+00
4.11868e+00
4.11886e+00
4.11929e+00
4.11887e+00
4.11902e+00
4.11893e+00
4.11912e+00
4.11881e+00
4.11919e+00
4.11924e+00
4.11896e+00
4.11888e+00
4.11914e+00
4.11904e+00
4.11896e+00
4.11923e+00
4.11912e+00
4.11909e+00
4.11899e+00
4.11907e+00
4.11894e+00
4.11912e+00
4.11898e+00
4.11926e+00
4.11918e+00
4.11872e+00
4.11891e+00
4.11874e+00
4.11891e+00
4.11902e+00
4.11899e+00
4.11916e+00
4.11919e+00
4.11920e+00
4.11928e+00
4.11901e+00
4.11939e+00
4.11893e+00
4.06221e+00
4.06227e+00
4.06270e+00
4.06223e+00
4.06237e+00
4.06235e+00
4.06264e+00
4.06226e+00
4.06244e+00
4.06221e+00
4.06240e+00
4.06251e+00
4.06251e+00
4.06244e+00
4.06243e+00
4.06256e+00
4.06253e+00
4.06227e+00
4.06230e+00
4.06233e+00
4.06255e+00
4.06229e+00
4.06249e+00
4.06254e+00
4.06222e+00
4.06210e+00
4.06270e+00
4.06241e+00
4.06228e+00
4.06245e+00
4.06266e+00
4.06240e+00
4.06216e+00
4.06231e+00
4.06249e+00
4.06277e+00
4.06294e+00
4.06221e+00
4.06261e+00
4.06212e+00
4.06229e+00
4.06254e+00
4.06232e+00
4.06217e+00
4.06239e+00
4.06217e+00
4.06219e+00
4.06254e+00
4.06230e+00
4.06222e+00
4.06226e+00
4.06233e+00
4.06230e+00
4.06229e+00
4.06246e+00
4.06228e+00
4.06241e+00
4.06262e+00
4.06268e+00
4.06223e+00
4.02087e+00
4.02075e+00
4.02085e+00
4.02097e+00
4.02036e+00
4.02052e+00
4.02101e+00
4.02106e+00
4.02052e+00
4.02059e+00
4.02098e+00
4.02081e+00
4.02098e+00
4.02082e+00
4.02104e+00
4.02063e+00
4.02070e+00
4.02069e+00
4.02061e+00
4.02098e+00
4.02061e+00
4.02086e+00
4.02099e+00
4.02123e+00
4.02051e+00
4.02133e+00
4.02094e+00
4.02096e+00
4.02102e+00
4.02068e+00
4.02105e+00
4.02054e+00
4.02113e+00
4.02083e+00
4.02084e+00
4.02037e+00
4.02086e+00
4.02103e+00
4.02049e+00
4.02088e+00
4.02043e+00
4.02075e+00
4.02078e+00
4.02062e+00
4.02048e+00
4.02111e+00
4.02096e+00
4.02076e+00
4.02088e+00
4.02131e+00
4.02104e+00
4.02066e+00
4.02137e+00
4.02060e+00
4.02097e+00
4.02062e+00
4.02078e+00
4.02103e+00
4.02076e+00
4.02050e+00
