-2.62675e+00
5.82790e+00
-1.66758e+00
-5.52463e+00
5.61772e+00
-2.32473e+00
-1.50615e+00
4.72603e+00
3.84284e+00
-1.58807e+00
6.16970e-02
-3.86716e-01
-1.63623e+00
5.21920e-01
-3.71073e+00
-5.28328e+00
-4.96055e+00
-1.08344e+00
-3.68814e-01
8.18534e+00
-1.65540e+00
-1.86659e+00
2.22369e+00
-9.46033e+00
-3.39038e+00
-3.10908e+00
-5.35304e-01
2.62616e+00
2.59439e+00
-4.46798e+00
-9.17839e+00
-7.61477e+00
-8.47216e+00
5.99355e-01
-1.76316e+00
-6.08519e+00
1.93945e+00
-1.89056e+00
4.44942e+00
-7.23154e+00
-1.31447e+00
-4.16977e+00
-5.74374e+00
-7.77631e+00
-3.22467e+00
-4.42364e+00
-7.14051e+00
8.65330e-01
-8.60633e+00
-8.00335e+00
1.19683e+00
7.82668e-01
5.04740e+00
-5.78455e+00
-1.07801e+01
1.96208e+00
-3.84285e-01
2.46607e+00
5.35161e+00
-4.97747e+00
2.51239e+03
2.50335e+03
2.49780e+03
2.49863e+03
2.51051e+03
2.49878e+03
2.48861e+03
2.50391e+03
2.50244e+03
2.49292e+03
2.50603e+03
2.50963e+03
2.50277e+03
2.50904e+03
2.49606e+03
2.49521e+03
2.49758e+03
2.50168e+03
2.49340e+03
2.49223e+03
2.49420e+03
2.51208e+03
2.50648e+03
2.49849e+03
2.48087e+03
2.49800e+03
2.49999e+03
2.50026e+03
2.49944e+03
2.49439e+03
2.50638e+03
2.50999e+03
2.50149e+03
2.50576e+03
2.50589e+03
2.48697e+03
2.48692e+03
2.50214e+03
2.50313e+03
2.49883e+03
2.49924e+03
2.50368e+03
2.49604e+03
2.49164e+03
2.50252e+03
2.50929e+03
2.49587e+03
2.50074e+03
2.49734e+03
2.49729e+03
2.49564e+03
2.50099e+03
2.49041e+03
2.50145e+03
2.50666e+03
2.49817e+03
2.50180e+03
2.49866e+03
2.50277e+03
2.50146e+03
4.99984e+03
4.99302e+03
5.00188e+03
4.99888e+03
5.00121e+03
4.99389e+03
4.98603e+03
4.99437e+03
4.99800e+03
5.01201e+03
5.00653e+03
5.01366e+03
5.01259e+03
5.00422e+03
5.01182e+03
5.00020e+03
5.00095e+03
5.00960e+03
5.00354e+03
5.02169e+03
5.00223e+03
5.01714e+03
5.02642e+03
5.00345e+03
4.98536e+03
5.00833e+03
5.00745e+03
5.01964e+03
5.00069e+03
5.00862e+03
4.99039e+03
4.99759e+03
5.00943e+03
5.01026e+03
5.01719e+03
5.00455e+03
4.99421e+03
4.99769e+03
4.99588e+03
4.99480e+03
5.00948e+03
4.99863e+03
5.00297e+03
5.00341e+03
5.00985e+03
4.98999e+03
4.99587e+03
5.01823e+03
5.00400e+03
5.01814e+03
5.00885e+03
5.00716e+03
4.99655e+03
4.99544e+03
5.00302e+03
4.98669e+03
5.00500e+03
4.99651e+03
4.98505e+03
5.01051e+03
7.48659e+03
7.50294e+03
7.49436e+03
7.49599e+03
7.48263e+03
7.48766e+03
7.48834e+03
7.51625e+03
7.50604e+03
7.49767e+03
7.49637e+03
7.49294e+03
7.49894e+03
7.50561e+03
7.49675e+03
7.49280e+03
7.50549e+03
7.50852e+03
7.50793e+03
7.51394e+03
7.49019e+03
7.50420e+03
7.48722e+03
7.49792e+03
7.50889e+03
7.51391e+03
7.48994e+03
7.50406e+03
7.49695e+03
7.50947e+03
7.49058e+03
7.51868e+03
7.51465e+03
7.50834e+03
7.49263e+03
7.48444e+03
7.46402e+03
7.51582e+03
7.49022e+03
7.51124e+03
7.50687e+03
7.50155e+03
7.49051e+03
7.52751e+03
7.50131e+03
7.52624e+03
7.49848e+03
7.49908e+03
7.52295e+03
7.51810e+03
7.50172e+03
7.50718e+03
7.51775e+03
7.49698e+03
7.48708e+03
7.51995e+03
7.51061e+03
7.49455e+03
7.50061e+03
7.51169e+03
1.00088e+04
1.00084e+04
1.00062e+04
9.99053e+03
1.00499e+04
1.00389e+04
9.99733e+03
9.99672e+03
1.00174e+04
1.00280e+04
9.98784e+03
9.99549e+03
9.99320e+03
9.99951e+03
9.99264e+03
9.98361e+03
1.00283e+04
9.98328e+03
1.00349e+04
9.96128e+03
1.00211e+04
1.00075e+04
1.00086e+04
9.95864e+03
9.99838e+03
9.96817e+03
9.97697e+03
9.98178e+03
9.96145e+03
9.98430e+03
9.98331e+03
1.00355e+04
9.96731e+03
1.00056e+04
9.96371e+03
1.00432e+04
9.99163e+03
9.97505e+03
1.00262e+04
9.98994e+03
1.00200e+04
1.00301e+04
9.99439e+03
9.99556e+03
1.00219e+04
1.00082e+04
9.97960e+03
1.00022e+04
9.98962e+03
9.99874e+03
9.98356e+03
1.00180e+04
9.96146e+03
1.00235e+04
9.98777e+03
9.99806e+03
9.99958e+03
9.98101e+03
1.00206e+04
1.00227e+04
